---- ADJ: 305----
1723
5601
6322
9051
10728
13128
15705
16323
17774
17990
18062
19282
19891
21004
23180
23948
24086
24957
26846
27643
28384
29498
29614
29826
31352
31417
31591
31675
31681
32498
32738
33520
33637
35036
35231
36033
38598
39956
40329
40378
42294
43573
43609
44603
45922
46282
46832
46980
47009
48598
48611
48672
49630
50060
50335
50920
51525
52433
52849
53305
53368
53383
53853
53878
54173
54495
54998
55220
57944
58243
58418
60723
60730
60927
61941
62990
64734
66431
66502
66683
66733
66946
67980
68943
71013
72419
72551
73296
74829
75336
75341
75349
75395
75404
75532
75706
75942
75949
76928
78045
78150
79268
80639
81215
81412
84791
85579
86446
87285
87655
88771
89349
90378
90531
91246
91707
92817
93409
93855
94526
96226
96231
96408
97050
97559
97641
98070
98074
99063
99139
99452
100763
100957
101338
101490
102110
102839
102891
103365
103741
106846
107066
107113
107467
109704
112087
113035
113338
113795
114136
114223
114364
114433
115034
115346
115638
115687
115694
115715
115764
115818
115860
116632
118087
119124
120449
120459
120490
120594
120790
120953
121625
121901
121903
122865
123365
123522
123982
124485
124695
124782
125248
125454
125857
126572
127007
127211
127288
127304
127338
127382
127444
127516
127637
128066
128106
129535
130210
130262
130569
131609
131740
132240
132339
132675
134034
134931
135173
135566
136031
136170
136220
136761
136852
137499
138301
138474
138678
138901
139032
139931
140604
141065
142056
142201
142699
143097
143141
143724
144037
145581
146151
146404
146710
147111
147179
147413
148461
150509
151053
151535
152437
153953
154055
154199
154298
154660
155087
156336
158180
158485
158654
159205
159403
161589
161646
162037
162082
162490
162635
162737
163118
163391
163642
163737
163868
163900
163933
164492
164545
164833
164995
165231
165771
166636
166862
167027
167101
167141
167328
168210
168661
168689
168807
170006
170068
170311
170382
170404
171430
171641
172098
172368
173192
173705
173713
174433
174476
174578
176333
176511
177317
178611
178820
179093
---- ADP: 3----
58052
137648
138193
---- ADV: 10----
18152
19192
42814
65555
94914
104388
115304
117623
127561
149280
---- DET: 1----
132135
---- VERB: 19----
771
961
1433
15162
20070
47840
62132
72914
86008
93883
96872
101603
103776
109316
111744
132749
138768
150160
179113
