---- ADJ: 182----
706
1153
1473
2985
3117
3222
4189
7565
8663
9706
9904
10486
13147
14028
20236
20998
25880
25909
26311
28566
31145
32720
33162
35965
37388
49275
49586
54607
54636
55517
55545
55955
56270
58398
58407
59213
59891
59946
60097
60203
60566
62122
62339
62905
63537
64527
65071
65768
67198
67784
69615
70479
70672
70910
71143
71187
71763
71995
72341
72530
72697
72804
72855
73452
73980
75944
76948
77139
77375
78159
78286
78583
78613
78961
80740
80823
81120
81618
81690
82793
83105
83543
83560
88395
89561
91032
91298
93696
93758
94186
94676
96394
98611
100163
100995
103011
106022
107744
107807
110593
110687
111502
111552
112650
113684
115410
117731
119729
121269
121392
123017
123776
128973
129879
134275
134562
135049
136060
136143
136310
137327
138069
138255
138504
140272
141291
142563
143184
143217
143754
145118
145163
145223
145340
146621
147133
147281
147472
149321
151211
151882
152002
152905
154932
155168
155828
157524
158118
160283
161027
163314
164188
168227
171232
172180
173377
179500
179900
180755
180873
181374
182477
182544
183590
185479
189332
190931
191615
191646
191705
191864
192316
192438
192747
192799
192878
192900
192932
198577
199488
204413
207394
---- ADP: 1----
166924
---- ADV: 32----
8821
17927
27033
54113
54429
54665
54732
55058
55165
56181
56618
57510
58375
63913
71175
73877
74670
74676
77331
78634
81606
82432
82574
85646
99842
100071
107344
124447
128346
142290
145477
184332
---- CONJ: 5----
4028
7949
106340
118371
135211
---- DET: 6----
7792
9977
84688
117470
155530
176429
---- PUNCT: 2----
85532
123836
---- SCONJ: 1----
146933
---- VERB: 37----
1984
2014
2037
7140
7409
9298
10053
35034
41570
49676
50033
52798
55842
62296
77129
77602
85462
97493
101023
105712
106343
118378
124152
130290
135215
135321
141288
151941
152734
154094
156806
158619
167096
176891
184732
197031
206473
---- X: 1----
130395
