---- ADJ: 71----
9729
16999
17387
19045
22814
27263
38178
38225
38626
40795
42206
44985
45073
47035
47284
50470
51414
51569
52040
58455
59259
59579
61816
66263
73863
85022
89024
89820
91848
97830
103052
106344
109561
116922
117410
128495
131557
138242
138630
139983
142448
143258
144100
147116
148104
151257
155049
156488
163239
164885
165511
169965
170207
182041
183999
191555
193760
198458
203321
211125
211465
211536
211547
215321
215649
215761
217092
220185
227608
239588
242484
---- CONJ: 6----
17766
98046
103535
192273
192308
229305
---- DET: 160----
7470
8628
9134
15237
17319
18654
23061
31175
33825
39145
39212
41311
42849
49032
49514
50053
50358
50980
53165
54048
54964
56473
57941
58026
58181
58669
58739
58926
59292
59370
60256
60540
60639
61221
61853
62964
64123
67683
68284
69019
72582
78427
85247
85506
86235
86326
87386
87864
88147
88721
89967
92278
93700
96109
96313
97437
97968
99970
100080
100969
101150
101906
108429
108625
114396
115893
116138
118018
119676
120071
120303
121180
122293
122806
123359
124630
125057
125070
125253
128768
130009
131079
134103
135107
135461
135639
135817
136576
136916
136972
140489
140915
141783
142297
142404
142839
143155
146970
147789
151173
154390
154679
155422
155666
156119
156186
156223
156254
157871
158208
158528
159214
160008
161029
161593
164227
164541
165696
166068
167437
173531
173633
175173
176792
180274
182880
183793
183953
183991
184265
184461
184568
184746
189879
189934
190169
190182
192807
198190
199238
201277
201676
202151
202730
202950
203167
205665
207251
207448
211520
222068
225785
232194
233030
233445
237474
240985
241075
243734
243825
---- PART: 1----
118513
---- VERB: 25----
1892
3470
5062
6179
6542
52089
97950
99245
99262
157457
165800
167838
175221
176106
181591
184032
184216
188658
198018
198118
209052
211989
217647
219523
227049
---- X: 221----
458
1174
1857
1885
1918
2229
4145
4274
4288
5210
5891
6842
7692
7825
8707
10449
10807
13170
14942
15061
16742
17259
17652
19448
19484
19911
20115
20475
21293
21674
21726
21973
22598
23995
25473
27906
28037
28554
29589
29875
30599
34028
36191
36505
36997
37731
38862
39363
40572
41283
42753
43360
46847
47306
48720
51852
52036
52456
52625
53925
54084
54503
55156
57909
61435
65500
67714
71980
72070
72078
72117
72810
72823
73587
74087
74107
75137
75223
75343
76457
78638
80066
80940
81422
82358
83160
83522
83824
84091
87252
88417
88805
88890
94448
96627
96767
96990
97646
97714
97904
98650
98666
98695
98816
98916
99185
99283
99650
99684
99897
100112
100148
100239
100349
100877
101447
101468
102918
102977
103206
103940
104412
104592
104702
105771
105919
106873
109061
109724
112133
116226
120244
121432
126430
132086
133010
133192
135251
136980
139309
142785
144402
146397
146562
148652
149010
150492
151839
153152
154129
160171
161136
161841
162026
162427
164047
164441
170513
171187
172421
172550
173567
173871
174090
177410
179426
179777
183761
189625
195234
198570
202632
206855
209687
210288
219734
220629
222462
222597
222601
222764
222800
222805
223687
223777
223971
224977
225947
226350
227778
227923
230235
230423
231291
232647
232994
233025
233469
233708
234010
234291
234465
235164
235363
235368
235446
235469
235567
235606
236451
237316
237501
238386
238700
239092
239157
239627
241940
242034
242310
244019
