---- ADJ: 17----
14262
16069
77363
89566
99384
104887
111842
111918
111934
116494
123794
137458
139059
140028
144955
147104
150222
---- ADV: 1----
26312
---- CONJ: 1----
94672
---- DET: 86----
4037
4230
10531
10688
10731
15443
16675
18863
28482
28498
32633
32927
40847
42190
43683
43900
45553
45787
45822
46496
46593
47361
55869
63921
76399
77982
78120
80863
84349
84623
90342
93022
94806
103793
104385
104550
105135
106851
111477
112032
116374
124321
125719
130783
130943
131096
131399
131422
131547
132656
134373
134560
135095
136021
136027
137526
137836
137956
138156
138838
138962
139128
139236
139323
139429
139640
139714
139810
139968
140157
140502
142830
144430
148536
148792
149186
150194
152297
152813
153620
153893
154613
156125
156958
158002
159332
---- PART: 1----
123707
---- VERB: 1----
132755
