---- ADJ: 63----
3694
28570
34644
45484
47123
60456
68322
72449
74847
80308
91151
96920
119310
120997
129809
175507
176332
196899
230608
246425
261657
287169
291965
304457
305926
337317
341579
359940
420937
421481
430745
439831
444399
468371
481956
555027
563156
563170
586890
587820
599233
602710
619461
629120
634068
649495
661615
668318
668989
690307
701007
710436
718981
740299
749420
750602
777858
792645
808091
808944
816707
825875
839002
---- ADP: 1----
420684
---- ADV: 5----
316556
468829
529091
747348
822069
---- DET: 51----
3386
50530
59110
74291
78393
87531
114736
127771
151409
155789
178678
178686
178704
192741
280077
297878
310048
330180
348987
356313
365930
393367
395119
401638
439369
471877
481246
500835
510408
541916
560948
595050
618046
620192
647689
656642
656913
673860
677769
677951
719654
737430
747299
755768
756950
757131
761663
765995
781674
806233
839397
---- PART: 1----
762577
---- VERB: 9----
113593
413481
472210
477801
482604
524806
552876
817662
835865
