---- ADJ: 215----
41
666
1399
2563
2759
3036
3512
3740
4108
4198
4240
4245
4250
5208
5226
5767
6038
6133
6627
6865
6908
7190
7494
7571
7781
8868
8982
9706
9741
10626
10898
11020
11054
11111
11140
12143
12430
14275
14570
14691
14736
14743
14755
14838
15439
16758
18005
18043
19138
19566
19920
20453
20790
21577
21879
22548
22613
24078
24238
24512
24522
24636
25777
26013
26212
26584
27085
27619
28287
28585
29160
29184
30180
30825
31499
31709
31721
32167
33882
34115
35764
35774
36062
36899
37185
37210
37228
38259
39190
39244
39362
39448
41101
41707
42068
42688
42787
43129
44934
45333
45714
46362
46463
46927
47262
47902
48092
48600
48675
48929
49076
49081
49542
49962
50004
50071
50076
50195
50835
50837
50843
51650
51680
51996
52124
52629
52689
53402
53409
53497
54195
55251
55535
57351
57666
58289
58344
58562
58719
60022
60837
60975
62313
62345
62803
63052
63265
63473
63583
64048
65495
66315
66323
66438
67127
67133
67245
67420
67756
69214
70006
70917
71554
71834
71862
72028
72060
72064
72099
72878
74005
74277
74308
74653
75109
75422
75460
75662
75776
76801
77042
77365
77426
79603
79608
80585
81192
81878
82339
82574
82913
83829
84652
84933
84966
85181
85318
85321
85504
85954
87013
88035
88117
88141
89403
90031
90204
91494
91816
92213
92463
92670
92748
93218
93758
---- ADP: 3----
10335
83270
83274
---- ADV: 32----
7802
8080
8189
9767
9863
11953
13167
24715
25876
27290
29616
30059
34838
37173
39572
42770
46644
47835
49136
56271
61760
64734
66070
76610
76670
78531
84249
91507
91743
92118
92932
93298
---- CONJ: 1----
82560
---- DET: 2----
62534
88868
---- VERB: 61----
2599
2691
3311
4257
5627
6810
9577
10641
13905
14317
15032
15375
16155
16622
17189
19282
24570
26476
27231
30660
31740
32120
32532
32801
33143
34171
34889
38486
39224
42989
43437
44026
44093
46143
46322
47127
48002
48341
48551
48616
51869
59103
60183
60842
61479
64254
64597
68143
68445
71188
72863
74671
74924
76099
85029
86582
89571
89761
92181
92683
93197
---- X: 2----
19310
78665
