---- ADJ: 39----
5189
12287
13859
16813
22107
32701
33837
43224
56533
57011
58652
103562
138474
139944
142993
145982
147720
154598
160663
163875
173722
176737
178934
180074
182200
184043
189666
194448
195940
198492
199605
200116
201914
206423
209740
212257
215931
216153
216293
---- ADP: 1----
8012
---- ADV: 30----
18795
22384
23314
37739
46518
59102
84129
92302
93135
97738
100200
105530
112807
114784
126811
128492
133432
145107
156587
158727
169885
172944
176211
187452
197717
200447
202799
202843
208951
209359
---- DET: 37----
1505
21646
26029
29144
33498
36166
44310
85013
85789
89570
102735
103552
104100
104710
108680
128211
160145
161086
166546
166910
169738
171153
174965
176369
185455
188071
188564
188753
190456
190556
192650
192706
199376
202119
206143
211545
212542
---- SYM: 4----
66090
96031
122307
189590
---- VERB: 19----
1049
10131
10707
19579
42746
44865
45130
52284
62799
81703
82494
83349
113073
138933
163146
163657
193141
205512
211922
