---- ADJ: 242----
1074
1784
2012
3315
3550
3889
4410
6091
6164
6233
6327
8389
8782
8902
9519
9548
10347
11663
11883
13615
15395
15421
15449
16079
16097
17225
18323
18574
18849
19376
19698
19778
20214
23014
23355
24709
25050
25209
25694
25831
26077
26255
26724
26934
27753
27812
28736
30372
31050
32605
32805
33184
33481
34859
36946
37163
37268
37370
37885
38500
40205
40533
40725
42844
43269
43371
43526
44234
44486
44955
45036
45215
45479
45647
46724
47354
48057
48759
49500
52319
53080
55216
55536
55635
55682
58258
58527
58734
59896
60353
60802
61177
61750
61841
62752
64619
65572
66958
67429
67580
67633
69096
69253
70529
72832
73382
73675
74570
75142
75659
75733
76115
77246
77429
77710
80331
80473
81012
81485
81930
82815
82877
82889
85173
86489
87208
87846
87987
88319
88824
89043
89055
89170
89534
90301
91378
91923
92324
92548
92576
93366
95011
95266
95757
96187
96321
96430
96690
98777
99044
100706
101637
103260
104421
105810
105925
105955
106905
107271
108062
108975
109100
112779
113112
114094
116131
116235
118295
118522
118895
119505
119874
120449
120796
121764
122325
125738
125826
126638
126820
127310
127492
127883
128028
129593
129919
130283
130871
131045
131449
131893
131920
132037
132604
133085
133131
133136
133334
134315
134682
135191
135513
135750
138071
138146
138494
138651
139079
139353
139761
140023
140296
140933
140995
141452
141668
142252
142809
143066
143413
146685
147023
148340
148747
149098
151026
151819
152265
152824
153037
153180
153300
153413
153898
154141
154451
155025
155327
156279
157759
157921
158041
---- ADV: 91----
147
273
2442
4100
4565
5811
6817
9104
9282
10275
10650
11685
12718
18938
20509
22132
22872
23013
23968
26959
28130
29311
29923
32650
34492
37329
40355
41229
42430
43207
46096
48448
50093
51945
56022
56264
60191
60914
63341
63380
67979
68250
68260
70999
74096
77349
78240
80009
80054
82249
88421
89213
90475
90493
91049
93455
94628
101565
103019
103213
103855
105253
109213
109304
109606
109630
109702
112098
113655
114222
115686
116083
116349
122101
123464
127775
128053
129155
129451
130700
131991
137347
137627
139884
141896
144566
145751
146542
150158
154108
154534
---- DET: 1----
17424
---- VERB: 29----
2835
7885
8036
9851
15010
20154
38940
45204
49254
49880
65108
66995
73566
76276
80599
80618
81867
85160
97519
99108
104011
111176
123928
128363
131780
141126
145330
145369
146811
---- X: 2----
24161
156819
