---- ADJ: 54----
1557
2754
4139
6058
9231
11208
13113
15691
17867
18635
18868
21789
21797
27326
28336
32265
33486
33712
39083
39900
40118
40192
51841
54001
54405
56552
57534
62634
66032
70196
73718
75780
78767
82456
106176
106431
108205
110482
111878
116727
119253
123315
125405
133521
142433
142543
147512
149503
149717
150232
151743
165455
171767
172189
---- ADP: 1----
138511
---- ADV: 13----
38512
38977
38984
43617
55992
57230
57375
59140
63765
70136
77207
122290
170400
---- INTJ: 1----
67838
---- SYM: 7----
148715
148893
148954
149020
150695
186470
186550
---- VERB: 153----
1585
2345
2703
2863
6857
7435
8657
8835
9025
9204
9554
9836
9926
9965
10445
10589
10641
12551
12740
12898
13204
13219
13731
13754
14304
14874
18446
20294
20824
20897
20932
21187
21756
23381
23408
23540
23942
24229
27059
32541
33795
34364
35570
36446
36801
37707
38022
38383
49327
53338
55959
56445
58320
58717
59387
60611
63530
67390
73810
74516
76424
78156
81425
81939
82626
83206
84063
84941
86383
87780
89632
91462
91617
91874
92257
92341
92358
93856
94795
96739
100176
101003
101137
102738
105444
106574
107797
107827
109509
109792
110817
110830
112665
115525
115743
116368
117743
118238
119526
120014
120155
120430
120446
126294
126769
127836
128596
128798
131462
131815
133708
134694
136044
136958
140078
141868
143598
143698
144724
148676
149011
149409
149648
149694
150981
152817
153311
153711
154935
155726
155974
156308
157224
159469
159556
163640
163683
163790
164254
164666
166205
167935
169685
170176
172534
173215
173897
174148
176304
176738
179568
179733
187158
---- X: 2----
9854
150996
