---- ADJ: 204----
196
5844
7233
7758
7832
12121
12909
14896
16120
17138
17293
21382
21539
21562
24287
26606
28407
32375
33087
36098
36916
41626
43419
47877
49051
50373
55324
55917
57786
57878
58161
60787
61304
62082
62534
65267
67721
68031
68243
68261
73893
76146
79868
81931
84244
85314
89076
89168
89769
91888
96739
99512
105752
106008
107443
110317
110357
111035
111180
114540
118380
120654
123920
124531
124834
129090
131161
134606
135188
135232
135798
136252
138691
146081
150405
152685
154584
158513
158828
160871
161719
161743
164218
165190
170711
172764
177956
179901
179933
181997
184027
187879
190205
193446
194299
196775
198355
199961
202338
204813
204976
210635
213718
215258
215402
215934
216436
216442
223311
226057
228705
229375
230923
231509
232912
240193
243515
243773
244246
247510
248213
253984
255685
256913
257297
257355
257844
258741
264560
267160
267193
267744
271220
271985
272488
280736
280805
281943
281958
282643
283515
284683
287528
289549
290249
294552
295683
300067
301187
303447
307870
307974
308601
309389
309493
310858
312552
315413
315882
317797
317822
319209
320601
322371
322431
323030
323722
324957
335192
337067
339642
339997
343208
343714
344314
344523
346111
347131
349168
351897
355631
356932
358980
371382
372118
374028
375275
376666
376903
381010
381451
383262
384550
385337
385633
388164
395170
396968
398306
402520
402872
403240
405485
405491
---- ADP: 9----
10071
13880
16835
59606
70717
72568
88527
310168
320888
---- ADV: 19----
25111
28856
49699
65850
72165
91217
117449
130701
156171
167256
171018
171916
244635
285499
318371
324781
340978
352743
401928
---- AUX: 1----
16845
---- INTJ: 2----
84582
246698
---- PART: 3----
79969
125974
200151
---- SCONJ: 1----
231513
---- SYM: 4----
64914
73269
122809
353771
---- VERB: 1684----
389
473
826
863
895
1242
1367
1590
1638
1919
2120
2198
2244
2330
2940
3029
3284
3531
3578
4128
4161
4216
4261
4414
4752
5235
5642
5695
6070
6227
6610
6643
6669
6909
6922
7076
7177
7444
7616
7855
8322
8495
8683
10011
10138
10213
10323
10393
10437
10724
10890
10903
11034
11208
11312
11361
12030
12144
12230
12387
12548
12673
12788
12931
13399
13821
15604
15736
15753
15822
16815
16902
17442
17591
17792
18555
18678
19249
19386
19587
19750
19876
20043
20139
20255
20425
20961
21009
21041
21196
21406
21666
22586
22627
22714
22852
23122
23430
23524
23772
23803
23967
23978
24099
24383
24547
24614
24618
24626
24636
24903
25081
25276
25439
25496
25701
26043
26216
26543
26692
26838
26988
27078
27353
27360
27400
27443
27571
28224
28538
28900
29132
29539
29646
30195
30258
30287
30617
30725
31041
31076
31152
31565
31943
32143
32174
32209
32241
32354
32356
32853
33030
33052
33968
34301
34712
35085
35885
37268
37271
37276
37530
37785
37840
38349
38398
38416
38940
39881
40135
40638
40650
40688
40775
41065
41445
41508
41737
42012
42077
42428
42495
42790
42806
42922
43532
43823
43899
44618
44624
44797
44907
45369
45403
45444
45986
46214
46777
46804
46948
46990
47176
47188
47312
47647
48075
48169
48773
48950
49217
49481
49624
49856
50191
50535
51139
51598
51679
51866
51970
52266
52308
52705
52841
53313
53467
53502
53588
54010
54012
54363
54414
54950
55542
55711
56001
56325
56333
56392
57044
57276
57747
57755
57772
58120
58179
58193
58284
58904
58960
59109
59456
59658
59838
60165
60345
60358
60378
60685
60823
60966
61190
61343
61454
61542
61684
61737
61985
62209
62647
62713
62770
63155
63167
64198
64216
64339
64492
64643
65007
65330
65891
66158
66272
66596
67037
67170
67309
67456
67492
67607
67772
67893
68004
68193
68502
68619
68750
68864
69073
69461
69549
70098
70111
70124
70486
70621
71459
71573
71692
72090
72413
72448
72780
72888
72917
73181
73236
73252
73586
73654
74071
74406
74700
74710
74873
75669
76032
76180
76347
76605
76609
77420
77772
78051
78571
78581
78892
79000
79063
79298
79552
79714
80156
80192
80228
80287
80501
80576
80587
80596
80610
80764
81149
81321
81605
83021
83291
83861
84074
84235
84483
84523
84924
85150
85506
85609
85655
85916
85944
86397
86880
86983
87625
88149
88151
88557
88979
89599
89965
89983
90000
90005
90191
90642
90708
90877
90956
91174
91219
91262
91337
92349
92356
92358
92360
92381
92412
93002
93028
93254
93267
93733
93935
94159
94389
94410
94597
94973
95458
95551
95556
95687
95757
95839
96202
96224
96495
97014
97176
97190
97314
97333
97622
97774
97878
97902
98221
98706
99049
99230
99480
99573
99703
100000
100318
100785
101145
101636
102030
102161
102497
102756
102933
103321
103499
103909
103936
103998
104123
104728
104908
104911
105085
105391
105894
106141
106307
106345
106451
107007
107497
107629
108034
108116
109220
109227
109424
109567
109718
109905
110582
111066
111115
111225
111525
112657
112763
112805
112991
113700
113770
113981
114015
114821
115040
115457
115877
116242
116277
116319
116353
116477
116500
116527
116545
116579
116865
116876
116988
117034
117138
117249
117394
117854
117913
118498
118943
119003
119061
119117
119168
119804
120230
120562
120717
120891
121254
121357
121503
121745
121885
121972
122182
122229
122517
123082
123182
123226
123282
124046
124103
124207
124275
124387
124479
124553
124647
125300
125800
125849
126272
126420
126719
126951
127051
127281
127903
128050
128095
128139
128204
128249
128619
128677
128932
129104
129131
129194
129198
129492
129658
129737
129890
129905
130955
131028
131131
131505
131632
131637
131699
132232
132492
132960
132975
133469
133623
133876
134227
134547
134852
135448
135503
135640
135868
135969
136137
136180
136426
136477
136886
137113
137170
137425
137537
137953
138541
138564
138736
139100
139170
139213
139421
139426
139520
139660
139682
139870
140356
140408
140588
140970
141011
141059
141297
141306
141584
141599
141614
141736
141998
142297
142491
143446
143502
143618
144216
144384
144648
145011
145030
145156
145349
145492
146139
146394
146997
147327
147448
147777
148427
149034
149067
149085
149178
149229
149439
149490
150289
150446
150455
150500
150656
150969
151629
151661
151957
152014
152729
153269
153271
153617
153642
153809
153953
154323
154355
154359
154442
154923
154987
155533
155794
155859
155908
156359
156630
156720
157100
157641
157821
158145
158156
158203
158676
158842
159001
159239
159493
159663
159897
160041
160228
160250
160253
160382
160718
160743
160756
161086
161385
161931
161970
162187
162346
162621
162688
162796
162837
162964
163040
163045
163161
163264
163360
163462
163501
163522
163627
164006
164044
164126
164471
164643
164653
164713
164839
165107
165557
166504
166587
166600
166845
167421
167477
167560
167807
167842
167992
168411
168499
168566
168708
168939
169628
169675
170495
170797
170819
171130
171616
171764
172665
172739
173007
173024
173354
173756
174385
175330
175339
175558
175645
175971
176042
176223
176251
176430
176634
176665
176838
177138
177228
177641
177983
178288
178322
178365
178906
179072
179152
179528
179745
180051
180076
180159
180574
180620
181096
181369
182131
182173
182191
182455
182811
183246
183822
184307
184842
185318
185424
185619
185772
186468
186516
186650
187435
187630
187689
187826
187963
188186
188482
188493
188842
188870
189008
189261
189687
190042
190229
190344
190878
191259
191283
191377
191578
191793
192169
192171
192422
192626
192833
193160
193364
193469
193550
193688
194369
194718
194803
194983
195202
195276
195914
195927
196385
196412
196420
196473
196799
196880
197655
197720
197909
197978
198081
198172
198671
198725
198949
199032
199159
199454
199481
199520
199528
199968
200287
200394
200783
201102
201204
201222
201224
201521
201536
201863
202401
202437
202488
202525
202845
202918
202957
202993
203018
203041
203680
203723
204215
204628
204751
204996
205115
205137
206232
206435
206480
207459
207752
207930
208268
208435
208643
208747
208752
208774
209288
209331
209604
209658
209886
210010
210425
210892
210947
210998
211206
212302
212857
212874
213101
213450
213577
214018
214256
214408
214491
214925
215281
215299
215340
216000
217352
217545
217638
218265
218565
218898
219243
219921
220086
220455
220558
220578
220840
220947
220993
221462
221644
222302
222523
222852
223094
223510
223914
224522
224546
224834
225612
226174
226238
226548
226718
226922
226942
227046
227063
227282
227710
227771
227872
228015
228145
228637
228764
229651
229675
229790
230295
230968
230977
230997
231115
231326
231487
232225
232300
232350
232439
232487
233020
233062
233151
233657
233697
233773
233895
234614
234791
235047
235643
235808
236079
236170
236315
236330
236485
237191
237323
237530
237868
238267
238742
238935
239402
239834
239927
240677
240726
240953
240960
241191
241215
241525
242261
242461
242503
242543
242770
242824
243031
243114
243135
243471
243989
244231
244437
244510
244882
245314
245508
245559
245790
245958
246125
246523
247027
247241
247467
247787
248038
248490
248554
248666
249358
249780
249987
250078
250114
251227
251266
251273
252190
252211
252241
252311
252349
252743
252825
252849
252864
252911
253187
253401
253807
253847
254602
254905
254960
255047
255256
255638
255725
255781
255784
256144
256235
256499
256769
256879
256917
256952
257061
257112
257410
257443
257562
257636
258145
258214
258753
258921
258930
259062
259098
259810
261477
261557
261600
261681
261763
261796
262310
262434
262797
263208
263211
263248
263293
263949
264201
264403
264437
264752
264766
264789
265097
265255
265540
265546
265850
265989
266018
266029
266569
266733
266805
266825
266895
267264
267666
267788
267857
267919
268435
268464
268645
268982
269445
269539
269586
269837
269860
270241
270627
270678
270904
271246
271322
271334
271939
272058
272160
272683
272707
272750
273306
273465
273770
273937
274220
274556
274974
274990
275010
275259
275510
276179
276200
276229
276320
276905
277448
277530
277535
277680
277694
277705
277962
278121
278251
278284
279190
279385
279954
280213
280274
280281
280303
280848
281113
281265
281428
281932
282017
282085
282219
282375
282539
283008
283174
283192
283335
283554
283726
283830
283991
284230
284518
284600
284653
285968
286371
286630
287182
287281
288040
288224
288318
288462
288786
289242
289377
289536
289939
290148
290263
290383
290469
290634
290783
290976
291055
291377
291470
291568
291579
291582
291883
292079
292618
292981
293005
293082
293159
293277
293311
293393
293408
293412
293427
293527
293909
293912
293921
294065
294441
294496
295065
295197
295450
295612
295747
295984
298188
298713
298932
298942
299081
299242
299667
299881
300109
300215
300233
301067
301370
301647
301800
302204
302385
303204
304205
304756
305035
305378
305717
306269
306425
306947
306963
307843
308212
309634
309707
309932
310078
310352
310455
310525
310656
310919
311030
311464
311700
311702
311756
312164
312283
312831
312839
313321
313331
313709
314458
314901
315110
315233
315514
315841
315921
316874
316889
317429
317727
318094
318127
318354
320174
320245
320292
320332
320867
321161
321288
321471
321940
322921
322980
323415
324359
324521
324527
324656
324913
325394
326599
327568
327741
327982
328088
328536
329220
329234
329391
329694
329826
330994
331070
331251
331430
331794
331836
331858
331925
332239
332524
332566
332926
333446
333478
333873
333963
334003
334253
334399
334603
334859
334901
335296
335382
335810
336076
336998
337163
337215
337792
337803
338549
338690
339002
339172
339864
340021
340145
340311
340603
340665
340812
340832
341213
341390
342009
342196
342485
342497
342795
342968
343907
344032
344045
344339
344752
345046
345196
345215
345707
345935
346054
346222
346414
346439
346536
346560
346633
347218
347304
347462
347518
348260
348991
349183
349227
350460
350527
350608
350805
350987
351681
351844
352175
352524
352806
352833
353088
353102
353127
353137
353217
354353
354519
354685
354785
355278
355300
355317
355347
355501
355701
355728
355811
356199
356249
356261
356642
356749
357423
357661
357676
357940
357990
358067
358180
358736
359307
359442
359832
360026
360102
360235
360492
360762
361347
361500
361848
362205
362353
362601
362603
362866
362894
362993
363009
363126
363273
363591
363837
364244
364589
364934
364974
365971
366339
366346
366360
366526
366530
366596
367277
367387
367398
367593
367867
368096
368107
368267
368333
369373
369595
369611
369694
370353
370386
370645
370749
370853
370924
371664
371882
372047
372277
372512
372533
373745
373905
374015
374032
374115
374529
374585
375536
375600
375742
375759
377218
377412
377506
377654
377942
378138
378342
378585
379006
380476
380514
380573
380712
381119
381779
382904
382921
383376
383390
383463
383485
384007
385191
386482
386773
386836
387281
387283
387815
387897
388142
388274
388716
388931
388955
388961
389264
389469
389866
390150
391013
391551
391790
391797
391911
391913
392363
392430
392505
392528
392573
392610
392746
393013
393024
393259
393276
393312
393353
393377
393628
393766
393785
394213
394388
394403
394768
394846
395346
395444
395673
395678
395764
396633
396677
396707
397102
397244
397512
397890
398031
398106
398138
399444
400289
400300
400511
400875
401652
401850
401879
401975
402000
402073
402087
402541
402578
402591
402638
403730
404256
405114
405134
405202
405458
405619
405875
406147
406275
406489
406894
406926
407016
407246
407293
407415
407508
407596
408071
408143
408155
408388
408477
409232
409560
409584
409612
---- X: 21----
10375
10390
39592
95002
118523
146154
150001
217337
264836
274646
316016
324818
339720
339727
339735
354300
370736
389299
391840
395219
398445
