---- ADJ: 21----
2784
7994
17765
19698
65668
70359
71653
116964
131903
155197
162017
168580
171789
173825
180117
200605
206397
212360
247046
248308
251616
---- ADP: 19----
36587
69288
77048
82719
99381
99402
115464
120536
124537
145496
149602
153967
170776
176599
192096
199210
223954
224067
263226
---- ADV: 6----
1705
17536
21037
151789
244872
248892
---- AUX: 3----
4534
13976
14444
---- CONJ: 1----
231316
---- VERB: 212----
98
596
1479
2889
4682
4826
4914
5944
5965
6551
6559
7037
7140
7186
7213
8146
8746
9500
9618
10203
10457
11495
11614
12844
12984
12994
13453
13475
13890
13998
14030
14743
15055
15071
15299
15696
15723
16023
16380
16740
17216
17955
17978
18882
18910
19165
20299
20487
20577
21148
23063
24602
24852
25830
28610
29285
29795
29890
35119
36252
36947
37461
38416
40442
41824
43661
44115
47115
47394
49168
50674
52014
53700
59398
69300
70527
74773
75441
77381
82027
82801
84205
84538
84913
85022
87934
90046
90331
92206
92948
95847
98669
99061
101348
102323
105308
105767
105852
105958
108215
108550
111395
116213
117695
118342
121108
129564
130711
131648
132461
134287
135053
135067
136496
136620
137346
138430
138935
139515
139830
140347
141290
141666
142137
143292
144623
147169
148919
149179
149457
150245
150269
150338
151964
157404
158652
158997
159552
160599
160716
161685
163727
168360
168714
173342
173615
174433
179284
180034
180196
185096
187227
190251
196139
197467
198807
204913
205319
206238
210856
211212
211427
211571
211973
214080
215389
215598
220279
221337
223731
224076
224440
225354
225548
225728
225815
226112
226375
229772
231509
233992
235546
236463
236806
236926
241200
242059
242813
243285
245067
248304
252459
252663
255694
256659
257524
259550
259674
259912
261193
261607
262356
266049
268063
268131
270732
279181
280332
281315
283928
285979
287767
