---- ADJ: 102----
91
333
2006
3873
4394
5277
5360
5547
6030
7391
7970
9854
11060
11991
12792
12895
13679
14238
14285
15564
15684
17246
17352
17375
17533
17593
17598
18671
19261
19455
19585
20265
20274
23817
23882
23972
24218
24665
25445
26135
26336
26578
27593
28395
28412
28539
28616
29028
29136
29506
29524
29565
29782
29953
29980
30345
30585
31246
31781
31789
31844
31926
31967
32303
33008
33749
33781
34731
35160
36276
36430
36545
37164
38089
38741
38862
39204
39360
41621
42102
42521
43406
43698
43825
43883
43896
44453
44755
45088
45132
45563
45568
45592
45679
45703
45719
46426
46743
47839
47846
48089
48784
---- ADP: 2----
31915
43756
---- ADV: 13----
4706
4984
5201
6406
6611
6878
6911
8153
15102
18311
18395
35980
44893
---- VERB: 8----
128
138
2727
6987
10696
11540
12262
37662
