---- ADJ: 18----
6808
9529
22615
30908
38496
44310
45170
58920
63543
74660
77863
78333
123557
124907
158251
160267
164638
167672
---- ADV: 145----
2635
2909
3102
3850
4315
4408
4457
4485
4561
4656
5513
6930
7386
7457
8203
8303
8387
10826
10877
10973
11574
11579
11863
12651
12900
13143
13173
14339
14356
15164
15420
16409
16832
16897
17006
17015
17412
18312
19529
20369
22095
22976
24363
24761
25510
26451
26938
27168
27398
27414
27435
30542
31619
31671
34592
34705
35287
35848
42275
42981
43359
43788
43924
43976
45508
51749
56294
56835
58087
60991
63041
63434
63976
68150
68392
68414
69992
70152
70407
70542
70553
72657
72804
75225
75234
75714
75783
76328
78829
84328
88374
89118
89340
90302
92013
92755
94823
95492
98055
98093
99416
100548
102089
103123
104001
104619
104676
105103
106741
110008
114962
115968
116435
117088
119812
120682
121406
121611
122519
124492
126360
126449
129737
130613
133495
134732
135330
135429
135772
136706
136817
140907
141298
141764
141788
143332
150363
154675
160684
164578
165555
166313
166522
171789
171939
---- DET: 1----
143059
---- VERB: 17----
2617
15625
40997
71036
75921
79062
81067
96885
131044
139519
146317
146435
148941
157277
158126
161753
167264
---- X: 4----
96475
138275
142025
142741
