---- ADJ: 16----
2902
11026
34693
41050
87891
88627
107647
155267
158944
166252
189621
193164
196705
196903
242001
245797
---- ADV: 33----
13701
25564
41561
48739
63881
66807
73490
97064
97090
97309
99683
105950
115810
123715
129125
155745
175609
177830
201763
207094
207405
214262
218550
240077
248130
248996
257224
264180
277710
280740
285649
289479
294695
---- DET: 2----
15627
245367
---- VERB: 424----
100
1107
2321
2433
2448
2855
3046
3441
3568
3758
3906
3936
3997
4068
4761
5313
5343
5862
6173
6221
6286
7704
8496
8804
10243
10322
10761
10776
10830
11834
12926
13135
14712
14778
15672
17253
18053
18172
18398
18494
18976
19159
19232
20802
21113
22691
22928
23449
26273
26559
27917
30150
32134
33525
34104
34137
34508
34666
35060
35961
36941
37793
39757
41286
41390
41941
42058
42191
42382
42807
46954
48664
50336
50627
50974
51240
51797
52348
54893
56431
57958
58258
59330
59462
59567
59753
61029
61173
61190
61229
63082
63809
64091
64453
64787
65025
65049
67141
68038
68951
69197
70515
72709
72854
74185
74737
75965
76311
77079
78693
79679
81487
81769
81788
81799
83636
84256
84436
85215
86302
86736
88407
90013
90739
90775
91558
91831
91896
92256
92288
92597
94404
94657
95303
95760
96700
97548
99025
101533
101719
101736
102493
102696
104726
104763
105479
105696
106613
106680
106871
110659
111103
111595
111665
111680
111748
111773
112574
114413
116697
117042
118521
119245
119302
119352
119684
121986
122591
126184
126520
126609
127322
128306
128326
128934
129165
129571
132819
133425
134006
134338
134491
137288
139143
139656
139819
140113
140578
141738
142079
142140
143248
145362
145365
145444
147597
147664
148812
148907
148956
150544
151221
151843
151958
153532
154807
156097
156440
156684
156698
156752
156832
156853
160503
160964
163863
164020
164426
165986
166629
167124
167333
167346
167472
167679
168263
168478
171376
174615
175554
175809
176042
176506
178111
178169
178219
178330
178389
179199
179955
180386
181991
183231
183281
184250
187115
189768
190938
191065
191080
191416
192263
192297
192549
192668
193754
194373
194418
195318
196096
196200
196294
197466
198539
199440
199611
199645
200298
200758
200781
202079
203658
203874
204507
205400
207207
207283
208021
208038
209920
210243
210244
211037
211704
211882
213705
214908
216605
218758
219472
220223
220531
221273
221298
221555
221698
222163
224017
224458
224464
224658
224716
224814
224968
225090
225285
225375
226613
226672
227228
227948
230447
232857
233084
233805
234698
234719
235075
235112
235213
235453
235951
236935
237028
238327
238435
238706
241744
241768
242181
242286
242623
243658
244152
244874
244929
245813
245876
248393
248770
249378
249451
249711
250561
251339
252875
253043
253134
253150
253724
255478
255578
256237
256251
256891
258464
259244
259326
259555
261174
261703
261725
261792
261917
262166
262285
262395
262444
262694
262987
264193
264793
265776
266539
267111
267128
267378
267562
268207
269151
269404
270056
270317
270795
271207
271666
273014
274248
278522
279134
279501
280273
280863
280942
281423
283055
283093
283293
284114
284214
288375
288988
289760
289853
290053
292137
293625
293651
298224
298298
298775
299457
299797
299891
299922
301150
301194
301486
303116
303444
305543
305767
306548
306802
