---- ADJ: 19----
21649
22811
30956
33413
45276
45453
51922
52226
58042
62918
63787
64146
66210
67476
79996
82314
86522
91396
91734
---- ADP: 3----
32801
58688
78145
---- ADV: 4----
2289
10062
58535
63846
---- CONJ: 1----
52906
---- DET: 3----
51475
94920
97500
---- PART: 1----
4405
---- VERB: 254----
504
1787
1892
2304
2582
3165
3336
4414
4584
4655
5032
5246
5412
5562
7602
8530
8901
8906
8927
9057
9336
9884
9976
10780
12023
12024
12156
13133
13805
13926
14046
14164
14800
15688
16264
16525
16619
16763
17032
17081
18360
18787
19980
20090
20828
20829
21023
21326
21848
22405
23208
25455
25567
26836
26998
27666
27880
27977
28006
28311
28675
28700
29171
29172
29303
29595
29629
29637
29799
30012
31298
31772
32295
32309
32396
32418
32793
33430
34077
34560
34590
34787
35445
35622
35887
37003
37009
37471
37666
37693
38602
39238
39668
40164
40614
41310
41495
41532
42049
42434
42940
43813
44005
45164
45217
45293
45295
45748
46057
47064
47660
48217
48337
48460
48659
49228
49931
49949
50770
50806
51257
51272
51349
51550
51583
51624
51779
53056
53754
54118
54203
54703
54981
55163
55173
56441
57450
57507
59183
59242
59243
59450
59942
60147
60691
60723
60735
60739
62667
62983
63357
63725
63745
64145
64234
64539
65049
65061
66045
66588
66590
66688
66743
67205
67272
68602
68759
69120
69841
70085
70111
70715
70818
71276
71356
73000
73009
74307
74581
74638
74837
74863
74939
75277
75922
76226
76753
77192
77564
79992
80282
80314
81502
81617
82240
82408
83492
83676
83947
84449
84507
84883
84995
85359
86324
87392
87770
88145
88227
88372
89010
89127
89527
89597
90259
90528
90913
90918
91335
91592
92509
92632
92776
93307
93810
94174
94182
94394
94732
94740
94750
95063
95097
95098
95221
95913
96555
96617
96708
96733
97018
97498
97577
97995
99128
99459
99858
99954
100013
100224
100436
100504
100785
101560
