---- ADJ: 142----
10034
21443
21503
33352
39554
45487
45911
59644
61334
64022
64964
65168
75782
82559
88044
90028
92209
92521
93345
94720
96431
96494
96663
97527
99446
100397
103574
106398
107109
108955
109089
109828
111700
112178
113989
115660
116489
117000
117168
117531
118765
120718
121162
122128
122317
128433
130778
135437
136321
139056
139839
141555
142210
144622
145343
147531
148582
154018
154540
155454
157943
158242
160195
163558
163804
163821
164437
165503
165628
166480
166565
168259
170233
173280
173394
174615
175876
178689
178717
179255
179314
179440
179503
179533
187692
188364
190023
197364
199403
224572
233821
235831
236359
237160
237419
237434
237499
242992
244535
245085
247336
248871
251261
252211
252489
252493
252551
253260
254519
255289
256082
258452
258536
259426
259562
259723
259903
261823
262544
263741
264252
264272
272228
275447
276865
279955
280167
280527
281980
282044
282137
282404
283089
283701
285195
287250
287323
287930
288179
288316
288704
289322
---- ADV: 14----
5087
6270
6424
15954
16304
16662
30875
44918
45266
46997
76076
155121
157989
269686
---- DET: 2----
87553
285495
---- SCONJ: 1----
262168
---- SYM: 1----
276515
---- VERB: 11----
42543
49200
58017
68475
78516
135134
176341
177670
182447
240524
263772
---- X: 2----
66208
177167
