---- ADJ: 374----
1856
1860
2406
3177
3484
3810
3813
4904
4967
5540
5564
5572
6512
7177
7241
7970
9693
10145
10820
12095
12329
13571
13728
14058
14125
14129
14242
14257
14464
14935
15206
15742
16247
16496
16528
16614
16686
16768
16774
16995
17005
17038
17524
17754
17869
18020
19957
20307
20713
22069
23175
24537
24725
24999
25098
25286
25309
25456
25627
25801
25893
26425
26662
27122
27280
27337
27934
27982
28089
28218
28349
28453
28817
28825
28859
29045
29150
29154
29285
29428
29607
29696
29702
29714
29765
29903
29973
30118
30289
30512
30556
31142
32425
32788
32998
33237
33458
33537
33857
33872
33884
34009
34875
35169
35371
35489
35547
35742
36507
37000
37077
37327
37711
38202
39633
39639
40437
40695
41552
43378
43529
44354
44441
44445
44602
44935
45402
45446
45492
45605
45749
46202
46216
47653
47746
48350
48781
49868
50241
50368
50664
50745
50882
51076
51228
51267
52064
52311
52546
52669
53068
53077
53546
54469
54545
54588
55686
55808
56449
56540
56553
56846
57050
57167
57174
57220
57630
59527
59856
61356
62139
63829
63866
63893
66233
67831
69548
69932
70435
70533
70871
71281
72323
72845
73179
73544
74488
74893
75432
76049
76264
76476
77067
77074
77656
79542
79881
81185
81844
82417
82443
82905
83233
83353
83918
85129
85435
85787
85855
85873
86365
86906
87086
87155
87161
87209
87790
87863
88150
88341
88696
88840
88881
89004
89253
90231
90240
90405
90455
90739
91245
91278
92081
92125
92996
94311
94824
94829
94849
95258
95625
96088
96762
97230
97435
97603
98041
98204
98364
98868
99275
99366
100378
100513
100770
101041
101293
101438
101465
102136
103017
103029
104127
104553
104920
105095
105216
105657
106480
106846
106957
107210
107307
107322
107766
107792
107815
108003
108093
108181
108578
109018
110646
111155
111240
111523
111802
111945
114625
115296
115811
116075
116370
117341
117544
119544
120068
120337
121494
122939
123543
124000
124126
124237
124518
124699
124715
124873
124923
124938
125205
125269
125431
126062
126122
126412
127183
127492
128381
129288
129319
129510
129804
129857
129862
129868
129969
130182
130306
130319
131129
131238
131264
131332
131339
131360
131394
133732
134493
134527
135581
135602
136018
136075
136294
136344
136431
136705
137331
137966
138261
138372
139122
139455
139470
139475
139485
139527
139539
139607
139676
139702
140345
140567
142775
142863
142926
143350
143353
143448
143517
143707
143729
144156
---- ADV: 39----
1396
3438
17859
20296
25230
26087
26369
28333
28339
29220
29777
30631
30796
34552
34688
35507
36771
37069
37807
39397
41337
41529
41980
42218
43301
44003
45444
45577
46176
47299
48041
50017
66512
74622
76317
97584
123937
129796
134655
---- VERB: 8----
58644
71761
71828
86082
105416
115925
122505
129027
---- X: 4----
33149
50529
51760
52702
