---- ADJ: 250----
607
908
941
1504
1521
1855
2233
2240
2336
2490
2504
2804
2825
3783
3859
5365
7760
7792
8205
8221
8381
8828
9249
9268
10031
11647
15232
15266
15303
15325
15384
15456
17260
17311
20468
22468
22699
22806
23353
25951
31067
31546
31821
32465
34266
39579
39649
41086
41344
46269
46354
46584
46617
47406
47854
47910
48586
48611
49027
50373
50439
51474
51640
52186
52577
52585
52598
52604
53052
53133
53864
58327
60293
63165
65166
67492
68846
69743
70348
70361
73809
74819
76517
76608
78791
80799
80934
82148
84458
85549
87303
87345
93622
94206
98116
98353
98697
101072
101178
101221
101745
102709
102784
103672
104157
106984
107423
107642
107691
108658
108724
109618
110287
111461
112606
112875
113470
113652
114376
114503
114792
116137
116307
122040
125265
126002
126871
127043
127048
127176
127183
127505
128466
128900
131844
132385
132752
133099
135898
136093
138274
138286
138309
140957
141805
141824
142159
142640
144515
145533
148203
149349
151683
153786
155461
156940
156959
157903
158690
158695
158760
158767
159728
159969
163338
164733
166499
167232
167243
168188
169175
169226
169747
171037
171884
172294
174447
174468
174491
174551
174564
175169
177345
178539
179026
179061
179284
179495
179499
180134
180177
181619
184195
184334
189930
190911
195844
200138
200479
200607
201571
201921
202155
205963
208027
212241
218721
218895
219113
221803
224859
225417
227363
227527
230452
234620
237830
239161
239180
240099
240682
240708
240726
240739
240883
240899
243475
244379
244689
245497
247332
248912
250753
254936
258248
258674
264369
267229
267604
272841
274388
279253
279281
280932
282660
284007
285964
286191
289415
289667
---- ADV: 10----
15739
34593
76082
76087
92498
106468
196153
196174
198994
286072
---- CONJ: 22----
31398
34598
52199
82841
82857
89614
89628
89635
92861
97111
119806
128191
128199
143708
143719
151893
151897
174049
181353
236381
236385
257452
---- DET: 209----
1647
1694
1713
1941
3480
6022
7183
7460
7604
7810
7899
7957
7990
8019
8282
10249
11248
11542
12005
12090
13742
16082
18154
18488
18709
18812
18815
19395
20616
20832
24114
24325
25921
26362
26531
26573
29074
30687
31126
32263
32968
33398
34969
35134
35811
36654
37626
37717
38184
38216
38762
38782
39026
39307
40193
41019
41260
41390
41584
42371
46387
46979
47005
50571
50689
50935
51298
51356
51982
52819
52826
53403
57050
57147
57366
58900
60847
60863
62496
62709
68968
70818
71047
71053
71661
72660
74498
77239
77634
79661
79913
80149
80283
80307
80385
80734
81222
82238
85728
86284
86383
86488
86607
86694
86707
87426
87851
89715
90712
90764
91536
94222
98430
98819
98934
99101
104140
104757
105409
107436
107743
107896
109375
110256
111125
111373
112233
118463
118738
118839
119010
119024
119035
119107
123802
132007
140754
148475
148490
152068
153327
155248
155891
156213
156442
157517
158215
158511
159574
163392
164886
169981
171070
175439
177237
179258
179512
182398
183004
183902
185212
185353
185456
185799
189393
195124
197415
197487
199409
200045
200069
200711
205630
208984
209367
212486
213913
215292
217097
218613
218985
223417
228952
234218
234943
235222
236271
236434
238364
238988
241369
252597
258798
260751
264968
265382
269592
270014
270182
276510
278345
279610
281124
285069
287024
287228
287786
289143
290058
---- PUNCT: 5----
47307
47317
73561
106060
106066
---- VERB: 208----
572
591
5612
6129
7233
8431
8495
8504
8652
9152
9624
9676
9712
9775
9843
9929
10120
10131
10370
10380
10385
12315
12951
13070
13138
13549
15980
16933
18018
20077
23185
23660
25444
28185
28286
29586
30377
33078
34392
34401
34423
34520
34669
34712
34722
38417
39422
39663
42649
42672
42699
44051
46337
49333
51582
53484
56570
59167
59307
61109
62284
66408
67399
67753
71470
71487
72422
72444
74199
74249
76157
77294
77444
78517
80462
80913
81819
83293
83740
84075
89440
91481
93942
96437
96635
97361
97630
99850
101462
101471
101624
102503
108455
109260
111458
112398
112841
112940
116645
116902
120637
122051
122144
124214
124659
125548
128258
130477
132397
132479
134233
134279
134586
134663
134785
135502
135749
135880
140450
141031
141063
142193
144424
144438
147278
147370
147431
147443
147627
147967
148485
148925
150410
151490
152446
152489
154727
156807
159120
162013
162186
163459
164816
165598
165600
166270
166543
167486
169875
179932
180855
183614
184809
186701
195907
196035
199547
199579
200309
201266
201964
202793
203151
204390
206719
209445
211567
212593
214478
214489
222710
227540
232751
232767
235802
239008
239284
240388
242151
242161
242598
246336
247881
248174
254561
255075
257415
257825
261357
261833
268167
269491
270547
271070
271697
271731
273902
276865
279889
280395
281888
281893
281922
282792
283985
285639
285898
289829
---- X: 4----
3587
35379
251570
261992
