---- ADJ: 136----
1494
3021
3440
7334
9838
9861
12340
16262
21455
22211
23711
24610
26851
29086
34505
42626
43645
44159
44198
47770
48629
49403
50171
50364
51968
53969
54012
56928
57368
60200
61268
62540
63304
73615
75691
78251
78763
79320
82568
83962
84843
89747
93709
93923
94019
94245
96278
96626
98485
98614
99114
103554
107522
107920
108959
111352
111355
115210
115278
115884
115911
119456
119673
120268
122472
122774
125032
125611
128299
131252
131643
132096
133020
134207
135756
138092
139052
141152
146155
150502
150705
151255
152085
152274
154081
158278
160088
160105
162667
163076
164885
166882
166926
167512
168846
170460
171120
171407
171614
173080
175779
180045
180278
180605
181399
184739
184746
185928
186462
187274
190105
190484
191654
193260
199018
200225
221634
222276
222819
223080
223726
225711
230604
233677
234992
238745
239649
239816
245441
249479
250920
254502
255245
257188
257984
259801
---- ADV: 2----
162335
222291
---- DET: 36----
16327
16897
22615
24863
24930
47747
49976
50205
55942
56241
84200
108771
126187
126715
128043
129092
132063
136325
145572
148218
149192
149790
152384
159140
163299
173888
174275
184840
187307
197165
219367
227004
232544
233735
239804
257341
---- VERB: 1----
39446
---- X: 1----
78144
