---- ADJ: 87----
80
2576
3936
4089
4169
4205
5313
5393
6595
6627
7537
9987
11154
11361
11778
12178
12841
13736
15057
15119
16831
16865
16892
20480
20515
23215
24376
25750
26069
26081
27572
27739
27792
27851
28782
28973
29172
29535
29704
29979
31014
31165
31446
31576
31811
32012
32048
32823
33774
36107
36662
37138
38130
39029
39057
39068
40042
40051
40139
41137
41257
41532
41934
42050
42054
42188
42191
42848
43724
43736
45842
46688
47177
47558
47582
48003
48068
48139
48158
48523
48549
48575
48852
48959
49173
49569
49821
---- VERB: 3----
20626
22214
27798
