---- ADJ: 92----
917
2331
8317
8808
9355
10597
11212
18836
20967
24182
25545
26864
29106
32638
37220
38136
48192
48831
52224
55773
56977
57460
58813
63494
64296
65847
68417
69452
69590
70047
73543
74354
74357
75826
75973
80180
81770
82739
83890
83948
90918
91733
92576
96954
101505
104905
107947
109859
111334
116613
120711
123970
124094
124947
125564
130511
139172
141486
142201
147128
147446
151658
151869
152565
153351
153527
163058
163505
164010
165752
166037
168035
168620
172943
175347
180116
183321
184734
185507
186252
186481
189768
201552
203506
203767
203780
204469
205201
211525
218084
220829
225769
---- ADP: 5----
53720
102824
118541
154613
157488
---- ADV: 15----
17939
23260
39854
53265
59324
78840
85016
86331
87002
88144
95993
125388
159983
196342
196892
---- DET: 55----
147
1867
3232
4680
9336
12545
17066
18518
28895
39569
40179
43398
46316
53314
62942
68342
68940
69694
76711
77128
80865
87908
90281
98309
100783
104059
109196
111756
112207
115503
115717
116119
120990
121054
127015
136463
141824
147436
149862
154109
157318
162505
165873
170083
170561
181631
183005
185490
198844
199411
208668
213837
216948
218774
224599
---- SYM: 3----
174049
190502
202820
---- VERB: 8----
100972
127639
130560
162444
173787
181013
211551
223127
