---- ADJ: 75----
14232
18463
35757
36587
44266
50545
54432
63499
71683
72762
75202
87248
89828
96019
96336
114659
119361
124889
124895
126280
127541
142442
150179
151670
163019
170087
172727
172750
172766
174421
177693
183410
184435
184705
187402
188844
197385
222465
225310
225717
230793
238610
239521
242210
242329
244564
246586
248402
248773
255856
258461
259779
259873
290871
301004
302096
305102
308158
311538
319852
335890
343805
344443
349400
349659
351717
360327
361238
386784
392221
394317
401875
403097
411529
412723
---- ADP: 8----
39003
104701
121300
254549
281118
323467
357763
390825
---- ADV: 14----
1469
57499
59373
183316
190947
233179
235735
259017
315211
326785
331207
335513
355984
393433
---- AUX: 5----
98488
98490
98504
143397
275077
---- CONJ: 1----
25388
---- DET: 46----
20375
29582
30357
40980
58714
60382
71563
93629
93644
126025
128221
135149
163387
171079
171989
183696
184018
191053
211013
216207
232638
239539
239544
243406
265549
273478
277379
290416
291802
296387
305089
310066
319326
324092
331913
335034
338525
341950
341963
357262
378475
390209
391391
394464
394470
395072
---- PUNCT: 1----
317032
---- SCONJ: 10----
18765
39742
76626
144304
163778
224922
296004
303084
307886
399254
---- SYM: 3----
48788
284691
310879
---- VERB: 2464----
56
65
140
676
690
713
734
749
907
1076
1100
1350
1354
1513
1768
1782
2362
2609
3144
3280
3348
3362
3433
3769
3908
3969
3998
4324
4362
4509
4562
4588
4703
4877
5283
5612
6071
6151
6482
6812
6857
7356
7717
7737
7752
7943
8061
8117
8503
8737
8858
8894
9081
9229
9268
9308
9628
9821
10074
10433
10514
11060
11451
11983
12071
13187
13255
13596
13803
14075
14373
14383
14562
14614
14740
14802
14882
15053
15077
15745
16045
16575
17048
17240
17674
17762
17866
18287
18524
18602
18714
18749
18889
18914
19536
19679
19784
20185
20190
20407
20506
21086
21103
21106
21176
21499
21834
22040
22046
22050
22065
22684
23023
23025
23532
23648
23709
23761
24781
24817
24907
25131
25573
25673
25683
25762
25839
26170
26179
26637
26929
26992
27106
27243
27282
27338
27523
27703
27799
27820
28379
28411
28652
28771
29083
29166
29184
29532
29786
29999
30034
30183
30291
30302
30321
30386
30569
30580
30944
31142
31183
31356
31414
31578
31607
31977
32002
32036
32297
32836
32860
32923
32937
33077
33180
33309
33339
33461
33562
33612
33777
33959
34015
34109
34183
34436
34451
34648
34671
34820
34827
34938
34993
35031
35355
35458
35485
35596
35797
35835
35983
36058
36138
36342
36375
36595
37330
37640
37790
37938
38053
38118
38148
38200
38265
38339
38375
38638
38866
38920
38967
39328
39516
39760
40198
40242
40292
40313
40519
40525
40913
41013
41149
41364
41490
41730
41850
42019
42072
42260
42439
42497
42727
43156
43748
43959
43984
44100
44608
44779
44787
45118
45140
45142
45459
45497
45569
45719
45945
45980
46221
46284
46360
46647
46681
46911
46958
47018
47456
47503
47573
47979
48109
48419
48445
48712
48815
49141
49510
49682
49781
49931
50017
50084
50223
50382
50524
51198
51243
51300
51318
51360
51614
51633
51783
51990
52019
52115
52268
53006
53023
53163
53218
53347
53414
54310
54552
55004
55020
55337
55377
55468
55494
55817
55940
55956
56185
56186
56265
56422
56436
56448
56718
56753
56994
57221
57457
57552
57745
57917
58120
58275
58420
58664
58706
58786
58884
59140
59231
59312
59567
59710
59869
59895
60008
60204
60874
61062
61082
61262
61780
61830
61884
61980
62161
62455
62766
62798
63252
63360
63423
63431
63667
63984
64077
64404
64463
64481
64549
64587
65360
65940
66008
66218
66327
66339
66653
66675
67044
67201
67301
67528
67544
67613
67624
67660
67916
68009
68040
68131
68403
68436
69101
69207
69386
69482
69517
69808
70060
70330
70434
70503
70523
70791
70796
70988
71342
71465
71537
71601
71630
71758
71809
72069
72088
72133
72140
72221
72234
72317
72412
72583
72773
73380
73672
73682
73691
74517
74560
74783
74789
74953
75019
75164
75307
75486
75522
75642
75729
76005
76240
76284
77122
77348
77586
77641
77718
77772
77990
78048
78224
78234
78861
78964
79291
79319
79539
79746
79804
79818
79950
79985
80004
80127
80373
80417
80665
80715
80721
80757
80829
80942
80951
81138
81153
81411
81516
81547
81551
81569
81579
81703
82025
82209
82319
82328
82483
82882
82970
83166
83329
83791
83896
83967
84147
84244
84549
84862
85023
85053
85071
85073
85449
85555
85691
85847
85936
85944
86106
86515
86556
86725
86747
86834
87042
87261
87459
87487
87521
88314
88438
88440
88645
88721
88736
88814
88863
88875
89296
89389
89514
89625
89634
89706
89838
90247
90370
90374
90852
91009
91640
92139
92295
92619
92631
92897
92984
92986
93245
93411
93566
93591
93662
93854
93959
94354
94383
94440
94521
94569
94675
94829
95031
95126
95262
95415
95450
95652
95957
95959
96065
96095
96226
96400
96556
96561
96823
97139
97193
97433
97805
97852
98081
98332
98859
98970
99099
99168
99218
99392
99647
99724
99730
99820
100005
100312
100575
100612
100715
100997
101109
101629
101765
102299
102382
102599
102903
102916
103148
103585
103786
103801
103913
104139
104311
104622
104826
104925
105027
105032
105034
105379
105404
105407
105566
105654
105848
106171
106202
106229
106895
107459
108011
108060
108352
108366
108384
108990
109202
109318
109450
109919
110261
110304
110495
110516
110521
110645
111120
111540
112509
112960
113141
113169
113240
113459
113461
113503
113575
113856
114154
114216
114561
114765
114898
115281
115563
115829
115839
115847
115916
115970
116069
116113
116272
116340
116471
116617
116677
116764
116802
116896
117044
117097
117514
117590
117709
118600
118716
118876
119008
119141
119162
119967
120195
120873
120975
121423
121482
121690
121956
122012
122321
122447
122739
122741
122810
122894
123168
123186
123219
123285
123463
123777
123853
123871
123940
124008
124045
124216
124395
124441
124626
124638
124656
124784
124821
125054
125158
125295
125513
125577
125681
125776
126207
126222
126617
126777
127053
127233
127237
127765
127832
127903
127946
128168
128255
128995
129432
129441
129837
130014
130092
130212
130286
130644
130741
130757
130866
131545
131607
131708
131743
131807
132248
132431
132556
132596
132780
133084
133806
134075
134281
134298
134445
134519
134663
134702
134805
134892
135058
135307
136003
136371
136485
136598
136736
136825
136976
137010
137025
137597
137632
137729
137770
137895
137993
138044
138181
138235
138753
138939
139184
139202
139216
139408
139420
139615
140337
140570
140904
140969
140998
141126
141280
141307
141328
141371
141397
141447
141533
141575
141616
141649
141658
141685
141735
141892
141925
142079
142654
142718
142759
142798
143042
143153
143281
143703
144044
144073
144483
145182
145228
145319
145330
145342
145395
145400
145402
145523
145537
145639
145699
145768
146092
146168
146448
146470
146776
146937
146960
147453
147898
148031
148583
149023
149237
149361
149383
150269
150307
150387
150395
150695
151291
151534
151633
151768
151854
152084
152184
152219
152345
152992
153237
153678
154139
154625
154844
154872
154930
154943
155117
155380
155414
155607
155776
155792
155992
156620
156637
156850
156857
156859
156936
157295
157477
157691
157929
157939
158190
158373
158576
158749
158751
158758
159146
159201
159422
159436
159900
160016
160278
160318
160353
160361
160389
161248
161284
161325
161338
161421
161495
161671
161762
162057
162074
162164
162290
162304
162313
162538
162616
162669
162880
162889
163243
163363
163370
163401
163705
163720
163942
164147
164306
164328
164330
164521
164577
164651
164882
164903
165052
165073
165424
165645
165654
165850
166007
166150
166165
166399
166405
166408
166416
166478
166711
166740
167061
167198
167457
167468
167688
167936
168078
168318
168550
169386
169427
169540
169694
169785
170048
170191
170275
170293
170300
170310
170419
170600
170658
170902
171026
171129
171190
171395
171502
171622
171693
171774
171951
172150
172516
172972
173100
173363
173398
173600
173674
174207
174248
174296
175008
175040
175507
175515
175540
176152
176194
176531
176682
176902
176969
176993
177235
177250
177294
177646
177678
178014
178196
178292
178316
178446
178598
178690
178808
179072
179189
179327
179336
179351
179422
179558
179623
179893
179924
180088
180242
180273
180335
180484
180508
180530
180862
181060
181231
181321
181851
181880
182045
182334
183191
183256
183268
183703
183855
184131
184445
184584
184712
184722
184908
184997
185076
185155
185242
185359
185365
185447
185638
186016
186218
186251
186936
186999
187331
187510
187606
187844
187889
188006
188274
188391
188462
188530
188557
188563
188592
188682
188734
188874
189078
189854
189938
189974
190085
190362
190704
190839
191123
191222
191600
191683
191707
191713
191722
192188
192325
192687
193205
193278
193401
193457
193500
193569
193751
194178
194393
194805
195082
195104
195110
195367
195748
195893
195900
196040
196055
196409
196793
197411
197476
197546
197638
198089
198507
198586
198826
198855
199019
199058
199218
199587
199589
199620
199757
200414
200519
200652
200844
200846
200942
201053
201507
201527
201869
201915
202161
202168
202361
202717
202782
203093
203389
203701
204328
204347
204638
204647
204660
204739
204964
204980
205094
205125
205384
205532
205601
205647
205976
205991
206178
206217
206392
206554
206680
207044
207282
207314
207678
207870
208061
208199
208356
208688
208697
208740
208857
209368
209556
209826
209848
209867
209943
210606
210623
210763
210855
211004
211080
211127
211145
211229
211448
211612
211870
211967
211992
212549
212846
212874
213285
213335
213477
213497
213725
213826
214398
215237
215369
215377
215457
215559
215747
215862
216023
216155
216199
216214
216222
216294
216654
216974
216983
217008
217033
217441
217644
217678
217710
217718
218096
218129
218167
218562
218997
219022
219133
219206
219345
219518
219549
219553
219578
219887
219986
220004
220130
220327
220384
220423
220498
220772
221138
221458
221657
221722
221733
221763
221801
222229
222260
222263
222520
222735
222997
223030
223162
223174
223188
223206
223207
223282
223446
223658
224082
224245
224318
224331
224393
225021
225033
225182
225792
225930
226014
226143
226241
226246
226266
227159
227295
227321
227364
227428
227735
227810
228010
228084
228417
228488
228515
228530
229349
229438
229675
229720
229959
230009
230693
230925
230993
231102
231132
231198
231437
231549
231835
231977
232042
232099
232173
232742
232804
233131
233386
233581
233849
234334
234340
234446
234572
234748
234895
235127
235419
235455
235462
235510
235672
235861
235943
236020
236184
236586
236631
236968
237087
237147
237160
237304
237404
237939
237988
238291
238311
238329
238367
238496
238523
238540
238596
238671
238682
238704
239269
239851
240264
240623
240761
240839
240864
241633
241911
242133
242147
242309
242475
242557
242978
243632
244056
244503
244589
245280
245362
245504
245626
246255
246432
246434
246502
246646
246715
247389
247534
247894
248091
248304
248309
248437
248444
248526
248579
248587
248637
248817
249411
249435
249813
249834
250160
250533
250677
250692
250776
250872
250969
251100
251205
251228
251279
251450
251484
251573
251717
251873
252081
252134
252246
252278
252491
252530
252567
252570
252782
252805
253124
253131
253188
253355
253479
253694
253794
254505
254608
254640
254940
255691
255734
255826
255842
256046
256530
256562
256680
257079
257201
257298
257352
257721
257858
257900
258203
258259
258322
258476
258651
259047
259543
259691
259887
259943
260084
260348
260612
260854
260901
261016
261101
261111
261122
261264
261450
261452
261546
261596
261614
261709
261792
261840
261858
262064
262460
262534
262792
262794
262807
262947
262981
263008
263374
263646
263685
263835
264052
264206
264488
264562
264749
264793
265099
265258
265435
265464
265505
265539
266251
266310
266382
266853
266958
267096
267539
267563
267573
268126
268346
268451
268463
268816
268857
268924
268929
269012
269095
269189
269277
269392
269707
269785
269787
269940
270012
270084
270096
270170
270543
270559
270714
270898
270927
271106
271197
271419
271533
271693
271938
272069
272206
272313
272405
272636
272678
272763
272826
272966
272976
273101
273142
273200
273204
273360
273444
273585
273717
274171
274263
274267
274334
274517
274613
274746
274759
274877
274901
275020
275350
275513
275627
275729
275736
275790
275925
276030
276058
276260
276328
276509
276954
277023
277086
277199
277387
277671
277903
278062
278068
278271
278393
278403
278415
278434
278478
278790
278815
279330
279553
279659
280138
280463
280542
281090
281315
281706
281759
281996
282080
282201
282453
282831
282937
282988
282995
283147
283651
283658
283886
284083
284202
284229
284398
284492
284681
284865
284928
285448
285635
286464
286683
286801
287086
287154
287170
287227
287281
287358
287377
287509
287865
287934
288078
288079
288096
288208
288621
288693
288707
288895
289049
289061
289250
289343
289867
290156
290479
290625
290645
290711
291021
291745
292303
293326
293579
293821
294177
294532
294615
294669
294674
294704
294772
295260
295436
296056
296372
296437
296450
296511
296560
296585
296671
297554
297653
297664
297830
297847
298098
298254
298359
298496
298594
298657
298676
298779
298982
299107
299126
299150
299269
299320
299337
299400
299420
299433
299660
299789
299875
300040
300492
300590
300622
300811
300918
300955
301420
301521
301745
302058
302227
302283
302540
303214
303416
303612
303834
303836
304152
304261
304346
304786
305091
305242
305322
305442
305674
305724
305771
305792
305807
306138
306231
306443
306852
306975
307011
307086
307095
307188
307556
307595
307616
307752
307784
307795
307929
308025
308039
308050
308068
308190
308306
308312
308503
308654
308696
308937
309023
309060
309150
309398
309545
309561
310560
310746
310807
311012
311248
311402
311421
311426
311960
312034
312049
312122
312142
312313
312320
312345
312397
312404
312767
313111
313204
313248
313251
313568
313574
313581
313779
313848
313861
314265
314411
314422
314508
314613
314667
314851
314905
315075
315506
315544
315884
315921
315937
315972
316023
316027
316186
316477
316708
316725
316891
316981
317039
317049
317136
317495
317703
317834
317958
318049
318269
318650
318709
318793
318857
318887
319095
319218
319466
319698
319895
320251
320287
320419
320549
320722
320857
320974
320992
321180
321349
321474
321708
321794
321836
322005
322386
322434
322448
322556
322569
322571
323088
323089
323090
323170
323777
324136
324371
324435
324684
325094
325118
325173
325550
325686
325939
325985
326021
326099
326136
326196
326216
326301
326426
326668
326751
326820
326838
327107
327271
327439
327643
327719
327862
327906
327978
328423
329277
329303
329414
329684
329873
329878
330020
330179
330384
330610
330894
330927
330990
331068
331383
331743
331914
332252
332302
332588
332749
333165
333216
333326
333563
333820
334227
334347
334594
335058
335473
335761
335818
336026
336045
336113
336117
336270
336354
336403
336595
336679
336898
337139
337359
337715
337716
337907
337979
338339
338352
338534
338910
339015
339128
339387
339394
339425
339544
339973
340141
340681
341212
341232
341671
341742
341863
341875
341917
342209
342346
343163
343275
343387
343421
343572
343685
343727
343741
343748
344426
344437
344683
344782
345524
345811
345894
346013
346045
346164
346528
346904
346980
347017
347202
347261
347379
347712
347898
347900
348157
348538
348628
348710
348799
348852
349002
349469
349726
349743
349850
349865
350119
350379
350493
350681
350736
350764
350961
351103
351404
351449
351455
351489
351599
352476
352511
352845
352855
352910
353136
353223
353265
353873
354021
354065
354122
354209
354220
354259
354429
354666
354725
354866
355232
355355
355360
355365
355491
355504
355694
355893
355916
356222
356293
356541
356663
356784
357211
358068
358096
358108
358110
358187
358469
358673
358960
359020
359309
359311
359458
359466
359779
360032
360551
360626
360836
361431
361580
361607
361795
361858
361862
361933
361962
361968
362171
362238
362960
363302
363590
363864
363871
364095
364782
364795
364948
365048
365272
365737
365739
365778
365966
365980
366243
366778
366781
367157
367392
367447
367892
367969
368012
368411
368440
368749
368906
369268
369450
369668
369698
370202
370229
370262
370286
370308
370405
370527
370581
370667
371460
371901
372073
372101
372173
372244
372256
372483
372517
372644
372662
372696
372916
372963
373122
373203
373210
373727
373800
373838
374216
374247
374410
374665
374690
374705
374738
374791
374830
375015
375334
375587
375896
375954
375978
376820
377007
377110
377233
377738
377971
379001
379093
379178
379332
380523
380612
380918
381203
381444
381499
381517
381565
381577
381756
381815
381956
382084
382092
382328
382355
382408
382425
382768
382898
383108
383288
383444
383706
384047
384291
384415
384639
384820
384830
385033
385035
385150
385223
385380
385463
385540
386042
386249
386331
386428
386525
386624
386820
387188
387231
387318
387630
387825
387857
387915
388024
388355
388922
389136
389139
389155
389219
389435
389437
389709
389868
390272
390543
390589
390610
390689
390695
390978
390998
391305
391379
391497
391536
391665
391943
392468
392595
392809
392820
392891
392995
393291
393404
393775
394044
394230
394657
394970
394991
395182
395212
395620
396026
396181
396185
396195
396560
396701
396791
396827
397371
397549
398027
398203
398237
398260
398289
398504
398688
398796
398913
399690
399859
399873
400186
400435
400560
400694
400791
400833
400992
401030
401107
401407
401494
401547
401580
401807
401968
401985
402001
402038
402040
402109
402193
402727
402848
402937
402940
402948
403022
403035
403556
403597
403629
403796
404018
404365
404923
405083
405209
405556
405589
405670
405780
406022
406026
406041
406299
406341
406725
406756
406955
407152
407212
407520
407924
408592
408698
408785
408834
408846
408930
409084
409262
409394
409550
409649
409775
409818
409927
410031
410162
410263
410372
410641
411251
411565
411610
411659
411724
411755
411807
411946
412412
412430
412571
412701
412834
412839
412863
413260
413372
413683
414141
414185
414206
414518
414631
414949
415012
415017
415033
415404
415673
415862
415897
415943
416089
416579
416590
416737
417351
417580
417641
417707
---- X: 40----
589
2635
13252
28747
43085
50284
66737
109700
109714
110831
134145
138412
144910
154291
162705
199826
204201
208948
214190
239169
239176
242269
248187
255917
269521
302876
311949
311955
312176
334584
341424
357618
367731
374041
374088
385943
400415
402555
404295
405725
