---- ADJ: 25----
625
638
690
1959
1990
2087
2119
9726
12906
15209
17476
18568
18817
25060
28163
29839
31669
32724
50638
50699
63916
64353
64854
64957
68569
---- ADV: 6----
15311
19119
22866
34104
64380
70211
---- DET: 8----
3926
8871
12822
25425
50666
54283
54850
70617
---- VERB: 46----
2092
6372
8015
12271
12905
18578
19315
19322
20415
20665
20674
22515
22521
22649
22676
22805
27434
29483
30284
36639
38321
39076
39323
44160
49795
50064
50624
51323
53064
53772
57258
57903
58388
58410
60701
61951
64041
64681
64730
64961
65026
67341
67598
68303
69576
70737
