329
22340
32856
35246
35256
41143
50030
50861
52525
55199
63634
67852
69630
75827
77001
77996
83214
87299
89380
90127
95798
101226
109329
112413
121436
127425
128864
132227
134450
141628
145981
156440
160247
165669
169410
177682
182254
185544
197250
211523
213034
215069
217216
223126
227531
229770
234122
235869
236407
241478
241481
244932
247752
249710
250009
253421
255125
280839
283026
292056
294508
300149
316361
316362
316647
320517
330210
333857
334466
335982
340454
342665
342938
344470
346316
346659
346661
352456
354564
361991
368585
374340
376146
395100
395127
400519
402149
402470
407076
