357,10,11,det,9,9
921,16,14,advmod,15,15
1119,2,7,mark,1,1
1745,2,3,mark,1,1
1745,48,51,case,47,47,49,50
1917,16,18,det,15,15
1977,19,22,case,18,18
2594,2,4,case,1,1
2617,30,31,mark,29,29
2930,22,25,nmod,20,20,21
2930,22,25,nmod,21,20,21
3003,36,26,cc,35,35
3121,3,7,advmod,1,1,2
3121,3,7,advmod,2,1,2
3121,13,11,advmod,12,12
3193,2,3,mark,1,1
3345,4,2,advmod,3,3
3612,10,11,mark,9,9
3840,2,4,mark,1,1
4299,13,11,cc,12,12
4436,45,34,cc,44,44
4524,26,27,advmod,25,25
4645,14,16,case,13,13,15
4736,2,3,det,1,1
4736,11,12,case,10,10
4756,21,24,mark,20,20
4894,48,49,advmod,47,47
4894,57,60,case,56,56,58,59
5042,27,2,cc,26,26
5130,12,14,det,11,11,13
5244,21,23,case,20,20
5305,20,18,cc,19,19
5420,7,8,case,6,6
5599,2,4,det,1,1
5709,31,32,mark,30,30
5794,7,5,advmod,6,6
5794,10,5,cc,9,9,11
5819,15,16,advmod,14,14
6005,15,10,cc,14,14
6301,5,7,case,4,4
6313,2,4,case,1,1
6379,2,4,mark,1,1
6620,2,9,advmod,1,1
6620,25,23,advmod,24,24
6678,6,7,advmod,5,5
6710,36,45,mark,35,35
6710,47,45,advmod,46,46
7096,21,42,mark,20,20,22
7462,23,25,mark,22,22,24
7536,14,17,mark,13,13
7581,7,9,case,6,6
7581,21,22,case,20,20
7764,24,28,mark,23,23
8150,5,7,case,4,4,6
8411,14,16,case,13,13
8411,27,25,advmod,26,26,28
8627,2,16,advmod,1,1
9412,26,5,cc,25,25
9525,49,53,case,48,48,50
9753,33,30,cc,32,32
9898,22,19,advmod,21,21
10003,6,4,advmod,5,5,7
10055,12,9,case,11,11,13
10183,2,4,case,1,1
10363,14,16,case,13,13
10500,11,13,case,10,10
10570,19,21,case,18,18
10655,8,10,mark,7,7
11023,4,9,advmod,3,3
11088,18,20,case,16,16,17,19
11175,31,33,case,30,30
11219,10,11,advmod,9,9
11259,14,15,advmod,13,13
11597,6,7,case,5,5
11697,2,3,advmod,1,1
11697,9,10,advmod,8,8
11743,14,19,mark,13,13
12187,15,17,case,14,14
12256,40,42,case,39,39
12904,2,3,advmod,1,1
12927,27,36,mark,26,26
13422,14,16,case,13,13
13549,14,16,case,13,13,15
13692,9,11,case,8,8
13802,2,9,mark,1,1
14054,21,23,mark,20,20
14263,9,6,advmod,8,8
15151,4,7,mark,3,3
15193,18,21,case,16,16,17,19
15698,15,16,advmod,13,13,14
15698,51,52,mark,50,50
16098,2,8,advmod,1,1
16110,14,15,mark,13,13
16555,22,24,case,21,21
16713,10,17,mark,9,9
16831,2,11,advmod,1,1,3
16856,20,23,advmod,19,18,19
16856,48,50,case,47,47,49
16919,20,25,mark,19,19
16951,41,46,mark,40,40
17149,5,12,advmod,4,4
17149,16,17,advmod,15,15
17336,19,21,mark,18,18
17434,24,26,case,23,23
17570,41,43,mark,40,40
17618,10,12,mark,9,9
17618,21,7,conj,19,19,20
17618,21,7,conj,20,19,20
18496,23,26,case,22,22,24
18727,2,3,advmod,1,1
18853,9,10,advmod,8,8
19004,39,34,conj,38,36,37,38,40
19050,2,4,mark,1,1
19172,31,33,case,30,30
19623,23,27,mark,22,22
19623,33,38,mark,32,32
19684,9,6,conj,8,8
19825,5,2,advmod,4,4
19847,13,14,mark,12,12
20265,9,11,case,8,8,10
20357,11,18,mark,10,10
20645,39,40,det,38,38
20934,7,12,mark,6,6
20967,18,19,advmod,17,17
21183,2,4,case,1,1,3
21334,38,40,case,37,37,39
21646,15,16,mark,14,14
21760,2,5,case,1,1
21972,2,5,case,1,1
22307,20,22,case,19,19
22585,13,15,case,12,12
22649,44,46,mark,43,43
22758,2,4,case,1,1
23101,13,14,mark,12,12
23101,16,17,case,15,15
24005,6,4,advmod,5,5,7,8
24306,17,18,case,16,16
24427,43,44,case,42,42
24587,3,6,advmod,2,2
24928,23,25,case,22,22
24974,10,12,case,9,9
25002,4,5,mark,3,3
25002,31,20,cc,30,30
25108,6,7,advmod,5,5
25140,3,4,advmod,2,2
25140,7,10,case,5,5,6,8,9
25140,15,13,advmod,14,14
25301,8,9,det,7,7
25301,16,17,advmod,15,15
25485,27,29,case,26,26
25826,7,9,advmod,5,5,6
25910,17,18,mark,16,16
26082,28,30,mark,27,27
26082,32,33,det,31,31
26850,27,30,case,25,25,26,28,29
26935,7,12,mark,6,6
26981,37,38,mark,36,36
27135,20,11,cc,19,19
27388,10,8,advmod,9,9
27549,8,6,advmod,7,7
28180,17,11,advmod,15,15,16
28344,19,20,advmod,18,18
28484,28,24,advmod,27,27
29079,15,17,case,14,14
29660,3,6,advmod,2,2
30292,7,5,advmod,6,6,8
30351,37,38,mark,36,36
30847,39,25,cc,38,38
30930,36,38,case,35,35
31064,11,12,case,9,9
31336,78,79,case,77,77
31837,9,12,mark,8,8
31901,2,19,mark,1,1
32074,11,13,case,10,10
32408,2,5,mark,1,1
32797,12,15,case,11,11,13,14
33021,4,6,advmod,3,3,5
33021,81,77,advmod,80,80
33412,36,39,case,35,35
33530,19,14,advmod,17,17,18
33530,19,14,advmod,18,17,18
33716,18,20,case,16,16,17,19
34049,18,10,advmod,17,17
34107,6,8,advmod,4,4,5
34107,6,8,advmod,5,4,5
34107,28,31,case,27,27,29,30
34148,10,14,mark,9,9
34181,30,7,cc,29,29
34903,2,4,case,1,1
35426,10,11,det,9,9
35426,20,22,case,19,19,21
35808,4,7,case,3,3,5,6
36182,44,37,cc,43,43
36475,7,9,case,6,6
36712,13,14,advmod,12,12
36874,30,39,mark,29,29
37125,29,34,advmod,28,28
37557,15,16,advmod,14,14
37587,35,16,cc,34,34
37587,47,48,case,46,46
38197,26,21,advmod,23,23,24,25
38197,26,21,advmod,25,23,24,25
38383,2,5,case,1,1,3
38637,14,16,case,13,13,15
39252,28,29,mark,27,27
39431,12,14,case,11,11
39531,18,21,case,17,17,19,20
40441,23,27,mark,22,22
40784,19,21,advmod,18,18
40815,10,11,advmod,9,9
41142,2,3,advmod,1,1
41175,3,5,case,2,2
41222,2,8,advmod,1,1
41254,9,10,advmod,8,8
41490,10,8,advmod,9,9
41490,16,18,aux,15,15,17
41552,19,21,case,18,18
41882,38,41,case,37,37
42174,20,21,case,19,19
42405,39,42,mark,37,37,38,40
42690,31,34,case,30,30,32,33
42830,8,9,case,7,7
42911,57,58,case,56,56
43019,16,19,case,15,15
43123,6,9,mark,5,5
43236,9,12,case,7,7,8,10,11
43290,9,13,mark,8,8
43373,3,4,det,2,2
43410,2,6,advmod,1,1
43410,17,20,case,15,15,16,18
43976,7,2,advmod,6,6
44410,12,13,mark,11,11
44595,31,33,mark,30,30
44818,25,28,mark,24,24
45186,22,24,case,21,21
45215,11,13,case,10,10,12
45686,7,9,mark,6,6
45885,4,5,det,3,3
46130,29,31,case,28,28
46563,13,15,advmod,12,12
46675,2,8,advmod,1,1
46675,5,6,case,4,4
46742,2,5,case,1,1
47087,2,9,mark,1,1
47324,61,63,advmod,60,60
47407,20,22,case,19,19
47450,8,10,case,7,7
48034,6,4,advmod,5,5
48472,13,15,case,12,12
48863,17,19,mark,16,16
48913,11,13,case,10,10
49176,33,34,mark,32,32
49385,12,5,advmod,11,11
49385,30,35,mark,29,29
49610,19,22,case,17,17,18,20,21
49765,13,7,advmod,12,12
49875,16,19,advmod,15,15
50146,28,29,advmod,27,27
50298,10,11,det,9,9
50298,21,24,case,20,20
50578,11,7,cc,10,10
50640,28,29,mark,27,27
50875,6,7,advmod,5,5
51035,16,14,advmod,15,15
51035,24,26,case,22,22,23,25
51387,22,26,mark,21,21
51417,11,12,case,10,10
51759,14,16,case,13,13
52583,5,7,case,4,4
52612,18,20,mark,17,17
52993,2,3,advmod,1,1
53996,22,29,mark,21,21
54034,7,10,case,5,5,6,8,9
54034,18,20,case,17,17,19
54373,16,18,case,15,15
54467,18,19,case,17,17
54495,21,22,mark,20,20
54495,27,28,det,26,26
54948,11,13,case,10,10
55613,2,4,case,1,1,3
55781,8,10,case,7,7,9
55781,16,18,case,15,15,17
55781,22,14,cc,21,21
55833,20,21,mark,19,19
56295,8,10,case,7,7
56388,24,25,advmod,23,23
56625,18,28,mark,17,17
56661,3,4,advmod,2,2
56921,21,34,mark,20,20
57169,46,47,det,45,45
57654,32,33,advmod,31,31
57901,14,15,det,13,13
57979,9,12,advmod,7,7,8
58000,28,30,case,27,27
58000,36,39,advmod,35,35
58279,9,12,case,8,8
58337,51,52,case,50,50
58814,19,20,advmod,18,18
58838,7,9,advmod,6,6
59002,2,4,mark,1,1
59093,14,15,advmod,13,13
59385,23,24,mark,22,22
59831,2,5,mark,1,1,3
59889,2,14,advmod,1,1
59929,5,11,mark,4,4
60355,14,16,mark,13,13
60765,25,22,advmod,23,23,24
60765,25,22,advmod,24,23,24
60889,7,9,case,6,6
60954,3,10,advmod,2,2,4
61046,3,5,case,2,2
61427,2,4,case,1,1
61598,8,10,case,7,7
62014,5,8,advmod,4,4
62089,6,8,case,5,5,7
62349,33,41,mark,32,32
62690,32,34,case,31,31
63059,3,10,mark,2,2
63179,14,10,nmod,13,11,12,13
63349,2,11,advmod,1,1
63382,18,19,mark,17,17
63490,5,7,case,4,4
63615,10,16,mark,9,9
63682,11,17,case,10,10
63760,6,8,case,5,5
64298,2,4,case,1,1
64333,32,30,advmod,31,31
64388,2,5,advmod,1,1
65219,19,17,advmod,18,18
65257,2,17,mark,1,1
65707,9,11,case,8,8
65901,6,7,det,5,5
66520,31,33,mark,30,30
66921,9,6,cc,8,8
66979,27,29,case,25,25,26,28
66979,27,29,case,26,25,26,28
67130,24,26,case,23,23
67254,29,30,mark,28,28
67294,14,15,mark,13,13
67551,20,21,mark,19,19
67663,5,6,advmod,4,4
67663,13,7,cc,12,12
67870,31,32,nummod,30,30
67942,11,13,case,10,10
68166,48,49,advmod,47,47
68275,6,8,case,5,5
68373,6,7,advmod,4,4,5
68733,20,17,advmod,18,18,19
68873,21,22,case,20,20
69441,27,24,nmod,26,25,26
69616,8,11,det,7,7,9,10
69858,14,22,mark,13,13
70039,25,27,case,24,24
70161,25,23,advmod,24,24
70395,16,17,mark,15,15
70521,10,12,case,9,9,11
70870,13,15,case,12,12
70933,27,29,case,26,26,28
71123,24,26,case,23,23
71175,47,48,mark,46,46
71175,56,57,mark,55,55
71496,4,6,case,3,3
71612,21,26,mark,19,19,20
71612,21,26,mark,20,19,20
71646,32,35,mark,31,31
71698,34,9,cc,33,33
71884,8,6,advmod,7,7
72356,17,23,mark,14,14,15,16
72356,17,23,mark,15,14,15,16
72356,17,23,mark,16,14,15,16
72564,6,10,mark,3,3
72624,3,4,advmod,2,2
72899,2,3,mark,1,1
72992,12,14,case,11,11
73063,10,13,advmod,9,9
73420,33,37,mark,32,32
73518,18,20,case,17,17
73744,25,27,mark,24,24
73882,3,9,advmod,2,2
74081,13,15,det,12,12,14
74623,18,25,mark,17,17
74881,11,17,mark,8,8,9,10
74881,11,17,mark,9,8,9,10
74881,11,17,mark,10,8,9,10
74922,21,25,mark,20,20
75040,36,37,case,35,35
75108,20,16,cc,19,19
75242,11,8,advmod,10,9,10,12
75381,2,5,advmod,1,1
75408,15,18,case,14,14,16
75486,7,8,advmod,6,6
77493,2,10,advmod,1,1
77493,22,24,mark,21,21,23
77822,15,16,case,14,14
78030,30,32,advmod,28,28,29
78030,30,32,advmod,29,28,29
78109,12,25,mark,11,11
78142,10,12,mark,9,9
78217,74,79,mark,73,73
78327,8,6,advmod,7,7
78364,3,5,nsubj,2,1,2
78478,27,21,cc,26,26
78553,46,53,mark,45,45,47
79326,22,34,mark,21,21
79437,17,6,cc,16,16
79619,11,12,mark,10,10
79619,26,27,advmod,25,25
80066,20,21,case,19,19
80066,32,33,mark,31,31
80066,37,39,case,36,36
80175,11,9,advmod,10,10
80393,3,7,advmod,1,1,2
80532,22,26,mark,21,21
80800,8,10,case,7,7,9
80891,13,15,advmod,12,12
80941,16,17,advmod,15,15
81096,7,9,advmod,6,6
81421,2,4,case,1,1,3
81475,18,19,advmod,17,17
81653,14,6,cc,13,13
81708,10,13,mark,9,9
81749,2,6,mark,1,1
81749,25,27,case,24,24
81856,14,15,mark,13,13
82473,5,21,mark,4,4
82473,13,7,cc,12,12
82992,20,23,case,19,19,21
83192,16,18,mark,15,15
83224,8,9,case,7,7
83239,11,8,advmod,10,10,14
83302,13,16,mark,12,12
83633,8,4,advmod,7,7,10
83696,13,19,mark,12,12
83827,14,15,advmod,13,13
83931,6,8,case,5,5
84099,8,11,case,7,7
84206,3,5,case,2,2
84465,7,9,case,6,6
84549,5,3,advmod,4,4
85711,2,14,advmod,1,1
85711,11,14,advmod,10,10,12,13
85743,17,20,mark,16,16
85743,33,35,mark,32,32
85743,44,46,case,43,43
85795,21,22,nmod,20,20
85795,25,26,nmod,24,24
85996,21,26,advmod,20,20,22
86056,2,4,case,1,1
86497,4,9,mark,3,3,5,6
86517,7,8,case,6,6
87103,8,13,mark,7,7
87240,10,11,advmod,9,9
87240,14,21,mark,13,13
87698,5,6,advmod,4,4
87698,49,50,case,48,48
87878,21,22,advmod,20,20
88291,13,17,mark,12,12
88291,26,5,cc,25,25
88359,28,29,advmod,27,27
88403,14,16,case,13,13
88613,7,9,case,6,6
89594,22,25,case,20,20,21,23,24
89715,5,7,advmod,4,4,6
89906,14,27,mark,13,13
90170,6,10,mark,5,5
90296,7,10,case,6,6
90576,5,8,case,4,4
90576,13,15,case,12,12
90697,3,4,case,2,2
90712,19,20,mark,18,18
90850,42,45,case,40,40,41,43
90850,42,45,case,41,40,41,43
90928,7,10,case,6,6
91135,16,18,case,15,15
91167,10,7,dobj,8,8,9
91167,10,7,dobj,9,8,9
91445,2,5,mark,1,1
91743,13,16,case,11,11,12,14
91765,20,22,case,19,19
91991,13,15,case,12,12,14
92262,7,8,det,6,6
92262,19,22,advmod,18,18
92368,18,20,case,17,17
92631,25,18,conj,24,24,26
93206,2,10,advmod,1,1
93572,2,5,case,1,1,3,4
93572,38,41,case,37,37,39
93572,56,53,advmod,54,54,55
93647,29,34,mark,28,28
93889,38,43,mark,37,37
94101,39,33,advmod,38,38
94146,4,5,case,3,3
94344,2,6,advmod,1,1
95349,16,17,mark,15,15
95626,23,24,advmod,22,22
95815,2,3,mark,1,1
95872,2,35,advmod,1,1
95872,9,10,advmod,8,8
95872,37,35,advmod,36,36
95957,6,7,det,5,5
95974,11,12,advmod,10,10
96072,12,13,advmod,11,11
96072,22,23,advmod,21,21
96197,12,13,mark,11,11
96337,3,6,case,1,1,2,4
96603,12,14,mark,11,11
96778,21,22,mark,20,20
96851,50,52,case,49,49
97249,22,10,cc,21,21
97432,6,7,advmod,5,5
97473,3,4,advmod,2,2
97820,19,17,advmod,18,18
98021,44,46,case,43,43,45
98177,4,7,advmod,3,3
98384,18,21,advmod,17,17
98468,12,13,mark,11,11
99017,21,24,mark,20,20
99080,12,14,case,11,11
99565,35,36,det,34,34
99697,11,12,mark,10,10
99725,28,15,cc,27,27
99843,10,11,advmod,9,9
99980,2,6,advmod,1,1
100033,14,12,advmod,13,13,16,19
100033,19,14,conj,17,17,18
100033,19,14,conj,18,17,18
100072,17,21,mark,16,16
100383,11,12,mark,10,10
100662,2,6,advmod,1,1
101771,20,21,case,19,19
102012,20,26,mark,19,19
102012,28,26,advmod,27,27
102063,18,19,case,17,17
102224,32,34,case,31,31
102307,2,3,advmod,1,1
102492,21,23,case,20,20
102655,9,11,case,8,8
102776,4,6,advmod,3,3,5
103609,10,13,mark,9,9
103651,2,5,case,1,1
103832,7,8,advmod,6,6
103832,21,26,nmod,19,19,20
103832,21,26,nmod,20,19,20
103890,2,4,mark,1,1
104147,24,26,case,23,23
104183,2,4,case,1,1
104688,4,6,case,3,3
104713,25,27,case,24,24
105030,9,11,case,8,8
105227,21,24,mark,20,20
105297,10,12,case,9,9
105377,2,12,mark,1,1
105399,11,12,advmod,10,10
105399,18,19,det,17,17
105655,22,56,mark,21,21
105735,29,34,mark,28,28
106058,16,13,advmod,14,14,15
106058,16,13,advmod,15,14,15
106227,21,23,case,20,20
106408,14,16,case,13,13
106683,9,11,case,8,8
106718,23,26,case,22,22
107197,25,27,case,24,24,26
107545,8,9,advmod,7,7
107853,9,4,advmod,7,7,8
107853,9,4,advmod,8,7,8
107866,10,12,case,9,9
108471,2,5,mark,1,1
108727,7,9,case,6,6
108941,19,12,conj,18,18,21
109107,5,7,mark,4,4,6
109389,4,6,case,3,3
109557,27,31,mark,26,26
109817,11,14,case,10,10
109835,16,19,case,15,15
110171,22,27,mark,21,21
110412,27,30,case,26,26,28,29
110844,9,13,mark,8,8
111105,28,29,mark,27,27
111293,3,7,advmod,2,1,2
111789,17,18,mark,16,16
111963,11,14,case,10,10,12,13
112130,3,5,mark,2,2
112384,18,21,case,17,17,19
112644,2,4,case,1,1
112644,23,19,cc,22,22
113415,9,6,advmod,7,7,8
113415,9,6,advmod,8,7,8
113810,7,8,det,6,6
113851,19,22,case,18,18
113970,17,20,advmod,16,16,18,19
114231,3,6,case,1,1,2,4
114231,16,19,case,14,14,15,17,18
114674,4,5,case,3,3
115015,5,7,mark,4,4
115034,16,19,mark,15,15
115061,8,3,advmod,7,7
115208,2,3,mark,1,1
115264,28,31,case,27,27,29
115353,9,7,advmod,8,8
115353,14,12,advmod,13,13
116283,7,8,advmod,6,6
116436,3,5,det,2,2
116723,20,22,case,19,19
117042,16,18,case,15,15,17
117119,26,29,mark,25,25
117172,6,7,mark,5,5
117195,4,5,advmod,3,3
117794,13,14,case,12,12
118066,22,26,mark,20,20,21,23
118066,22,26,mark,21,20,21,23
118221,40,41,case,39,39
118431,2,4,case,1,1
118733,27,29,case,26,26
119784,2,8,advmod,1,1
120266,16,10,cc,15,15
120436,2,5,case,1,1,3
120543,8,5,advmod,6,6,7
120543,8,5,advmod,7,6,7
120580,50,4,cc,49,49
120639,7,9,case,6,6
120856,10,11,det,9,9
121471,8,10,case,7,7
121493,23,24,case,22,22
121572,21,23,case,20,20
121954,22,23,mark,21,21
122092,21,27,mark,20,20
122208,9,7,advmod,8,8
122501,14,16,case,13,13,15
122652,9,10,advmod,8,8
122959,7,10,case,5,5,6,8,9
122959,7,10,case,6,5,6,8,9
122959,28,29,advmod,26,26,27
122959,28,29,advmod,27,26,27
123119,14,17,case,12,12,13,15
123119,22,19,advmod,20,20,21
123569,18,21,case,17,17,19,20
123982,32,42,mark,31,31
124111,37,43,mark,36,36
124174,16,21,mark,15,15
124205,7,9,case,6,6
124680,29,32,mark,28,28
124983,27,31,case,25,25,26,28
124983,27,31,case,26,25,26,28
125046,5,13,advmod,4,4
125067,15,16,case,14,14
125103,27,13,cc,26,26
125460,3,6,advmod,1,1,2
125460,3,6,advmod,2,1,2
125586,49,40,cc,48,48
125586,66,68,case,65,65
125662,2,3,mark,1,1
125826,2,5,advmod,1,1
125967,12,15,case,10,10,11,13
126225,5,6,det,4,4
126225,26,11,cc,25,25
126287,13,11,advmod,12,12,14,15
126402,6,8,advmod,4,4,5
126402,6,8,advmod,5,4,5
126568,17,1,cc,16,16
126785,16,10,cc,15,15
126825,21,23,mark,20,20
126935,4,5,advmod,3,3
127064,10,12,case,9,9
127083,2,10,mark,1,1
127110,5,8,advmod,4,4
127580,16,17,mark,15,15
127704,26,27,advmod,25,25,28
128277,17,19,mark,16,16
128277,31,33,case,30,30,32
128863,2,4,advmod,1,1
128887,10,19,mark,9,9
128928,7,9,case,6,6
128970,13,16,case,11,11,12,14
129306,40,49,mark,39,39
129549,41,42,mark,40,40
129791,20,26,advmod,18,18,19
129880,14,17,case,13,13
129924,29,31,case,28,28
131020,13,10,conj,12,12,14,16
131168,28,31,mark,27,27
131248,20,22,case,19,19,21
131377,5,8,case,4,4
131660,28,32,mark,27,27
131907,23,24,mark,22,22
131957,5,3,advmod,4,4
132064,25,27,case,24,24
132308,4,2,advmod,3,3
132550,4,5,advmod,3,3
132819,12,13,det,11,11
133388,11,9,cc,10,10
133460,34,35,mark,33,33
133902,2,5,mark,1,1
133939,2,4,case,1,1,3
133988,16,17,mark,15,15
134322,61,63,case,60,60
134322,68,59,cc,67,67
134479,31,34,mark,30,30
134647,17,18,advmod,16,16
134728,10,12,case,9,9
134899,11,6,cc,10,10
135207,6,9,mark,5,5
135236,35,37,case,34,34
135479,31,33,advmod,29,29,30
135479,31,33,advmod,30,29,30
135621,22,27,mark,21,21
135814,17,21,mark,16,16
135992,10,11,det,9,9
136673,2,5,mark,1,1
136742,25,28,case,24,24,26
136795,27,21,cc,26,26
137529,44,47,case,43,43,45,46
138022,18,20,case,17,17,19
138773,39,40,mark,38,38
138855,7,10,case,6,6,8
138855,25,29,case,24,24
139495,6,7,advmod,5,5
139781,2,5,mark,1,1
139781,28,30,case,27,27
140035,27,24,advmod,25,25,26
140035,27,24,advmod,26,25,26
140192,12,14,case,11,11
140561,16,18,case,15,15,17
140881,31,32,advmod,29,29
141005,18,32,mark,17,17
141108,30,28,advmod,29,29,31,32
141625,22,24,case,21,21
141892,42,43,advmod,41,41
142036,34,35,advmod,33,33
142205,17,23,mark,16,16
142247,9,11,advmod,8,8
142543,10,13,advmod,9,9,11,12
142543,58,55,advmod,57,57
142970,28,30,case,27,27,29
143030,4,6,case,3,3
143163,2,4,case,1,1
143163,17,18,mark,16,16
144192,8,11,mark,5,5,6,7
144192,8,11,mark,6,5,6,7
144192,8,11,mark,7,5,6,7
144326,2,7,advmod,1,1
144698,2,4,case,1,1
144865,4,6,case,3,3
144986,14,17,case,13,13,15
145188,13,14,case,12,12
145212,2,5,case,1,1
145324,15,17,case,14,14
145781,23,26,case,22,22,24
145814,2,5,case,1,1,3
145814,12,15,dobj,11,11,13
145838,12,10,advmod,11,11
145838,32,30,advmod,31,31
146434,19,26,advmod,17,17,18
146434,19,26,advmod,18,17,18
146543,10,12,case,9,9
146716,2,5,mark,1,1
146786,21,23,case,20,20
146786,33,35,case,32,32
146862,5,6,advmod,4,4
146928,45,47,case,44,44
147018,2,5,mark,1,1
147229,6,8,case,5,5
147256,21,24,advmod,20,20
147479,22,24,mark,20,20,21,23
147479,22,24,mark,21,20,21,23
147530,13,15,case,12,12,14
147549,2,5,mark,1,1
147753,34,30,mark,31,31,32,33,37
147753,34,30,mark,32,31,32,33,37
147753,34,30,mark,33,31,32,33,37
147901,30,11,cc,29,29
148170,31,32,advmod,28,28,29,30
148170,31,32,advmod,29,28,29,30
148170,31,32,advmod,30,28,29,30
148454,13,7,cc,12,12
148625,19,2,cc,18,18
148883,30,24,advmod,29,29
148883,34,32,advmod,33,33
149045,8,10,case,7,7
149060,11,13,case,10,10
149208,10,11,advmod,8,8,9
149320,8,10,det,7,7
149350,7,8,advmod,6,6
149449,55,57,mark,54,54
149679,37,40,mark,36,36
149921,32,9,cc,31,31
150128,2,4,mark,1,1
150194,89,90,mark,88,88
150639,2,4,case,1,1
151342,2,4,case,1,1,3
151607,11,14,mark,10,10
151682,2,4,case,1,1
151728,15,16,mark,14,14
151813,5,6,advmod,4,4
152070,7,9,case,6,6
152086,3,7,mark,2,2
152887,3,6,case,1,1,2,4
152957,2,4,case,1,1
153022,28,32,mark,27,27
153183,24,25,det,23,23
153538,18,19,mark,17,17
153919,17,18,advmod,16,16
153947,2,13,advmod,1,1
154054,8,9,advmod,7,7
154105,7,9,case,6,6
154463,21,22,case,20,20
154638,20,26,mark,19,19
154694,61,62,case,60,60
155031,2,6,advmod,1,1
155101,9,10,advmod,8,8
155878,24,27,mark,23,23
156146,2,5,case,1,1
156164,16,17,advmod,15,15
156352,26,23,advmod,25,25
156452,19,20,mark,18,18
156608,2,5,advmod,1,1
156608,13,9,advmod,12,11,12
156685,2,0,root,1,1,4,22
156746,13,3,conj,11,10,11,12
156746,15,3,advmod,14,14
156807,11,15,mark,10,10
156903,97,99,case,96,96
157160,24,26,case,23,23,25
157220,8,6,advmod,7,7
157406,16,17,case,15,15
157406,51,53,case,50,50
157685,28,30,case,27,27
157858,6,7,mark,5,5
157941,27,29,case,26,26,28
158836,24,16,cc,23,23
158870,2,4,mark,1,1
159395,22,23,mark,21,21
159697,2,3,advmod,1,1
159790,9,12,mark,8,8
159912,2,4,case,1,1
160064,51,53,case,50,50
160523,2,7,mark,1,1,3,4
160562,6,9,case,4,4,5,7
160562,6,9,case,5,4,5,7
160863,4,6,advmod,3,3
161349,2,6,advmod,1,1
161349,15,18,advmod,14,14
161395,29,30,advmod,28,28
161563,6,8,case,5,5
161710,14,16,case,13,13,15
162075,6,8,case,5,5
162096,16,17,det,15,15
162575,5,8,det,4,4,6,7
163177,2,14,advmod,1,1
163295,2,4,case,1,1
163312,28,36,mark,27,27
163359,3,1,advmod,2,2
163759,21,25,mark,20,20
164028,8,9,det,7,7
164475,28,32,mark,27,27
164625,17,18,advmod,16,16
164871,4,6,case,3,3
164871,28,11,cc,27,27
165088,2,7,advmod,1,1
165216,40,41,mark,39,39
165642,41,44,case,39,39,40,42
166217,18,15,cc,17,17
166258,33,31,case,32,32,34
166296,2,6,advmod,1,1
166526,13,5,cc,12,12
166578,2,7,advmod,1,1
166840,19,22,case,17,17,18,20
166840,19,22,case,18,17,18,20
166953,15,24,mark,14,14
167486,11,14,case,9,9,10,12
167779,5,7,case,4,4,6
167779,20,25,det,19,19,21,22,23
168155,18,21,case,17,17
168341,15,17,case,14,14,16
168341,38,40,case,37,37,39
168668,22,24,case,21,21
168826,18,2,cc,17,17
168893,21,12,acl,20,13,15,17,19,20,22,23
168933,18,21,mark,17,17
169191,19,20,mark,18,18
169300,27,29,case,26,26
169300,45,19,cc,44,44
169420,9,11,advmod,8,8
169584,2,5,advmod,1,1
170337,23,24,det,22,22
170413,6,7,case,5,5
170763,6,9,mark,5,5
171124,2,20,advmod,1,1
171124,22,24,det,21,21,23
171975,16,18,case,15,15
171975,30,31,mark,29,29
172168,10,7,advmod,9,9
172480,11,13,case,10,10
172676,5,7,case,4,4
172807,6,7,mark,5,5
172848,33,35,advmod,32,32
172926,24,25,mark,23,23
173301,12,15,case,11,11
173692,10,8,advmod,9,9
174025,2,13,advmod,1,1
174025,26,28,case,25,25,27
174222,14,16,case,13,13
174328,43,44,case,42,42
174592,3,6,case,2,2,4,5
174592,17,20,cc,16,16
174762,10,12,case,9,9,11
174817,48,49,advmod,47,47
174917,15,17,mark,14,14
174941,13,14,advmod,11,11,12
174960,24,25,advmod,23,23
174960,31,38,mark,30,30
175024,7,9,case,6,6,8
175040,2,12,advmod,1,1,3,4
175117,18,19,det,17,17
175482,3,5,case,2,2,4
175865,2,3,mark,1,1
175947,11,13,case,10,10
176096,11,5,cc,10,10
176169,21,23,mark,20,20
177237,2,11,advmod,1,1
177521,2,6,mark,1,1
177689,28,31,mark,27,27
177757,6,8,case,5,5
178029,9,11,case,8,8
178188,28,14,cc,27,27
178188,49,54,mark,48,48
178343,41,42,mark,40,40
178500,9,12,case,8,8,10,11
178569,16,18,case,15,15
178676,24,27,mark,22,22,23,25
178676,24,27,mark,23,22,23,25
179042,2,19,mark,1,1
179235,77,81,mark,76,76
179847,15,17,mark,14,14
179907,21,26,mark,20,20
179907,43,44,det,42,42
179996,22,23,advmod,21,21
180138,32,35,case,31,31,33,34
180538,16,14,cc,15,15
180716,34,32,cc,33,33
181023,6,9,case,5,5
181531,25,27,case,24,24
181571,41,44,mark,40,40
181622,17,18,advmod,16,16
181717,21,23,advmod,20,20
181953,2,5,case,1,1
182139,12,13,det,11,11
182139,22,32,mark,21,21,23
182139,55,60,mark,54,54,56
182796,11,13,case,10,10
182956,2,7,advmod,1,1
182956,16,20,case,14,14,15,17,18
182956,16,20,case,15,14,15,17,18
183053,14,5,cc,13,13
183172,19,21,case,18,18
183637,34,32,advmod,33,33
183722,30,33,case,29,29
184288,15,17,mark,14,14
184546,12,14,det,11,11
184546,43,45,mark,42,42
184702,2,5,case,1,1,3,4
185655,14,16,case,13,13
185697,15,18,case,13,13,14,16
185697,15,18,case,14,13,14,16
185761,8,6,advmod,7,7
186312,17,18,advmod,16,16
186451,21,23,case,20,20,22
186451,37,42,mark,34,34,35,36
186451,37,42,mark,35,34,35,36
186451,37,42,mark,36,34,35,36
186523,27,28,advmod,26,26
188367,5,16,mark,4,4
188559,10,16,mark,9,9,11
188761,5,7,case,4,4
188914,24,31,mark,23,23
189112,21,24,advmod,20,20
189824,16,18,case,15,15
190184,23,24,mark,22,22
190549,32,34,case,31,31
190993,26,22,advmod,25,25
191263,4,5,mark,3,3
191263,35,37,mark,34,34
191460,9,13,case,7,7,8,10
191680,15,17,case,14,14,16
191761,37,38,case,36,36
192018,6,4,advmod,5,5
192078,2,11,advmod,1,1
192740,29,35,mark,28,28
192822,13,15,case,12,12
192858,41,64,mark,40,40
192858,54,55,advmod,53,53
192937,21,22,mark,20,20
193026,8,9,mark,7,7
193331,4,6,case,3,3,5
193933,28,30,case,27,27
194563,6,14,mark,5,5
194766,2,4,advmod,1,1
195043,12,14,case,11,11,13
195043,19,22,case,17,17,18,20
195351,2,3,advcl,1,1
195407,9,7,advmod,8,8,10
195650,11,14,advmod,10,10
195976,13,14,mark,12,12
196080,19,24,mark,18,18
196235,33,34,case,32,32
196341,18,21,mark,17,17
196366,59,77,mark,58,58,60
196625,16,17,advmod,15,15
196666,22,13,cc,21,21
196860,9,7,cc,8,8
196925,9,4,advmod,8,8
197077,40,41,advmod,39,39
197198,3,6,mark,2,2
197528,28,30,advmod,27,27
197733,8,9,case,7,7
197787,13,15,case,12,12,14
197806,18,20,case,17,17
197903,8,10,case,7,7,9
198528,9,13,mark,8,8
198595,18,20,case,17,17
198891,15,17,case,14,14,16
199102,3,4,advmod,1,1,2
199283,17,5,cc,16,16
199680,2,5,advmod,1,1
199680,23,26,case,21,21,22,24,25
199680,23,26,case,22,21,22,24,25
200038,17,18,advmod,16,16
200261,37,40,case,35,35,36,38
200604,27,34,mark,26,26
200677,2,6,mark,1,1
200798,13,15,case,12,12,14
201243,15,21,mark,14,14,16,17,18
201737,19,21,case,18,18,20
201837,11,12,mark,10,10
201891,37,39,case,36,36
201891,84,51,cc,83,83
201891,93,94,mark,92,92
202496,11,13,case,10,10
203442,9,11,case,8,8
203458,9,12,case,8,8
203541,4,1,advmod,3,3
203968,4,7,case,3,3,5,6
204249,23,25,case,22,22
204691,2,4,case,1,1
204785,11,6,cc,10,10
205171,10,11,mark,9,9
205231,32,33,advmod,29,29,30,31
205231,32,33,advmod,30,29,30,31
205231,32,33,advmod,31,29,30,31
206053,8,9,advmod,7,7
206599,9,11,advmod,7,7,8
206664,11,13,case,10,10
206872,15,13,advmod,11,11,12,14
206872,15,13,advmod,12,11,12,14
206872,15,13,advmod,14,11,12,14
207471,2,6,det,1,1,3,4,5
208394,20,21,advmod,19,19
208624,2,4,mark,1,1
208701,18,30,mark,17,17
208738,22,24,case,21,21
208738,29,34,mark,28,28
209158,12,14,advmod,11,11
209158,21,19,advmod,20,20
209243,6,7,case,5,5
209348,24,26,case,23,23
209762,41,43,case,40,40,42
209810,39,41,mark,38,38
209918,13,15,mark,12,12
210204,2,5,mark,1,1
210298,9,10,advmod,8,8
210298,13,15,mark,12,12
210321,28,30,case,27,27
210402,11,12,mark,10,10
210491,6,7,det,5,5
211175,2,4,mark,1,1
211465,6,7,det,5,5
211603,5,6,det,4,4
211660,29,31,case,28,28
212058,6,7,det,5,5
212254,9,11,case,8,8
212269,20,49,mark,19,19
212269,35,36,det,34,34
212711,2,6,advmod,1,1,3
212974,4,6,case,3,3
213138,19,21,case,18,18
213350,15,17,case,14,14
213510,2,4,case,1,1
213510,33,24,cc,32,32
213586,12,6,advmod,11,11,15
214069,6,4,advmod,5,5,7,8
214419,10,12,det,8,8,9,11
214419,10,12,det,9,8,9,11
214442,2,4,mark,1,1
214517,2,4,case,1,1,3
214594,2,4,case,1,1
214727,25,27,case,24,24
214780,3,7,advmod,1,1,2
214780,3,7,advmod,2,1,2
214780,15,20,advmod,13,13,14
214780,15,20,advmod,14,13,14
214952,6,8,det,5,5
214976,21,19,advmod,20,20
215482,33,35,case,32,32
215482,38,40,case,37,37
215700,7,8,mark,6,6
216537,2,3,advmod,1,1
216777,2,6,mark,1,1
217513,22,23,det,21,21
217711,2,4,case,1,1
217880,2,5,advmod,1,1
217939,2,4,case,1,1
217980,9,12,case,8,8
218006,2,4,case,1,1
218541,5,6,det,4,4
218885,19,26,mark,18,18
218950,41,42,advmod,40,40
219524,7,9,case,6,6
219643,12,14,mark,11,11
219643,16,18,case,15,15
219750,44,45,det,43,43
220154,4,10,advmod,2,2,3
220154,4,10,advmod,3,2,3
220215,14,17,case,13,13,15,16
220215,30,17,conj,29,29,31,32,33
220321,67,69,case,66,66
220442,4,5,advmod,3,3
220551,14,15,det,13,13
220771,31,32,mark,30,30
220979,30,32,case,29,29
221208,7,8,advmod,6,6
221208,31,35,mark,30,30
221511,7,4,advmod,5,5,6
221511,7,4,advmod,6,5,6
221600,4,8,mark,3,3
222155,22,27,mark,21,21
222326,25,21,nmod,24,22,24
222505,38,40,case,37,37,39
222716,7,8,advmod,6,6
223065,18,20,case,17,17
223445,24,26,case,23,23
223572,9,12,case,8,8,10
223647,5,7,case,4,4
223780,49,51,advmod,48,48
223952,4,5,advmod,3,3
224155,9,4,cc,8,8
224210,39,40,det,38,38
224210,43,44,advmod,42,42
224730,29,35,mark,28,28
224985,18,19,case,17,17
225074,3,4,advmod,2,2
225074,18,19,advmod,15,15,16,17
225074,18,19,advmod,17,15,16,17
225165,16,22,case,15,15,17,18,19,20
225460,20,10,ccomp,13,13,15,19,21,27
225523,15,17,case,14,14
225557,12,15,advmod,11,11
225637,33,27,cc,32,32
225787,3,6,advmod,2,2
225956,14,20,mark,13,13
226413,33,34,case,32,32
226733,25,20,cc,24,24
226820,5,2,cc,4,4
227179,8,9,mark,7,7
227290,11,13,case,10,10
227361,21,22,advmod,19,19,20
227812,2,4,case,1,1
228217,12,14,case,11,11
228217,56,47,cc,55,55
228414,3,8,advmod,1,1,2
228414,3,8,advmod,2,1,2
228436,11,15,mark,10,10
228605,5,10,advmod,4,4
228689,23,25,case,22,22,24
228724,9,13,mark,8,8
228778,22,25,mark,21,21
228813,15,16,case,14,14
228849,5,9,mark,4,4
228947,19,12,cc,18,18
229568,7,9,case,6,6,8
229568,32,34,case,31,31
229713,18,12,cc,17,17
229786,16,18,case,15,15
230067,3,6,advmod,1,1,2
230100,2,4,case,1,1
230311,17,19,mark,16,16
230611,24,27,case,22,22,23,25
230611,24,27,case,23,22,23,25
230911,60,64,mark,58,58,59
230911,60,64,mark,59,58,59
231024,2,8,mark,1,1
231069,7,8,mark,6,6
231069,20,22,case,19,19
231126,9,10,mark,8,8
231538,21,23,case,20,20
231619,39,43,case,38,38,40
231945,18,22,mark,17,17
232054,2,3,det,1,1
232261,20,23,case,18,18,19,21,22
232363,10,11,advmod,9,9
232407,10,11,advmod,9,9
232706,37,39,case,36,36
232894,22,34,mark,21,21
233646,48,49,mark,47,47
233881,4,11,mark,3,3
234221,2,3,mark,1,1
234283,3,4,advmod,2,2
234480,17,19,case,16,16,18
234544,14,17,mark,13,13
234935,7,9,case,6,6
235469,19,12,cc,18,18
235656,21,22,case,20,20
236089,12,17,mark,11,11
236419,35,26,cc,34,34
236530,22,25,mark,21,21
236892,19,21,case,18,18
237059,6,8,case,5,5
237059,38,41,case,37,37
237315,14,10,cc,13,13
237766,31,32,advmod,30,30
237766,64,66,case,63,63
238051,2,4,case,1,1
238261,17,15,advmod,16,16
238379,11,12,case,10,10
238379,16,18,mark,15,15
238600,26,28,case,25,25
238736,12,14,mark,11,11
238803,22,27,mark,21,21
239021,9,11,mark,8,8
239386,23,25,mark,22,22
239522,20,21,det,19,19
239733,15,17,case,14,14
240199,31,32,det,30,30
240430,29,30,mark,28,28
240471,16,18,case,15,15
240632,2,8,mark,1,1
240632,29,31,case,28,28
240789,7,8,advmod,5,5,6
240975,10,12,mark,9,9
241155,2,5,case,1,1
241319,10,11,advmod,9,9
242122,25,28,case,24,24
242527,12,10,advmod,11,11,13,14
242549,25,27,case,24,24,26
242876,18,21,mark,17,17
243130,13,19,mark,12,11,12
243157,22,26,mark,21,21
243197,17,18,mark,16,16
243197,27,29,case,26,26
243279,18,20,case,17,17
243415,25,28,case,24,24,26,27
243626,17,18,case,16,16
243674,15,17,advmod,14,14
243769,19,21,case,18,18,20
244198,2,5,mark,1,1
244372,2,4,case,1,1
244534,30,25,cc,29,29
244651,28,31,advmod,27,27
244724,2,4,case,1,1
244930,5,7,case,4,4,6
245372,25,26,advmod,24,24
245457,10,13,case,9,9
245502,15,16,mark,14,14
245775,2,5,case,1,1
245927,14,15,det,13,13
246020,10,13,mark,9,9
246041,30,32,case,29,29
246041,35,38,mark,34,34
246353,15,16,case,14,14
246419,7,10,case,6,6
246508,17,15,advmod,16,16,18
246895,23,26,advmod,22,22,24,25
247166,12,13,case,11,11
247709,26,23,advmod,24,24,25
247709,26,23,advmod,25,24,25
247905,11,12,case,10,10
248517,18,20,case,17,17,19
248588,3,6,mark,2,2
249025,13,14,mark,12,12
249202,13,16,mark,11,11,12
249202,13,16,mark,12,11,12
249294,12,6,cc,11,11
249338,22,23,advmod,21,21
249391,37,50,mark,34,34,35,36
249391,37,50,mark,35,34,35,36
249391,37,50,mark,36,34,35,36
249548,12,14,mark,11,11
249567,11,12,det,10,10
249660,29,41,mark,28,28,30
249994,21,22,mark,20,20
250071,28,7,cc,27,27
250221,27,32,mark,26,26
251226,16,18,case,15,15
251226,53,55,case,50,50,51,52
251226,53,55,case,51,50,51,52
251226,53,55,case,52,50,51,52
251602,4,6,advmod,3,3
251951,6,9,mark,5,5
252022,2,3,det,1,1
252039,25,27,case,24,24
252082,2,7,advmod,1,1
252791,14,7,cc,13,13
252900,30,31,det,29,29
253105,19,21,case,17,17,18,20
253281,4,5,advmod,3,3
253443,8,10,advmod,7,7,9
253698,12,22,mark,11,11
253921,8,11,mark,5,5,6,7
253921,8,11,mark,6,5,6,7
253921,8,11,mark,7,5,6,7
253938,5,8,case,4,4,6
254723,36,42,mark,35,35
254924,21,9,conj,20,17,18,19,20,22,23
255625,18,22,mark,17,17
255683,13,14,advmod,10,10,11,12
255683,13,14,advmod,11,10,11,12
255683,13,14,advmod,12,10,11,12
255769,22,20,advmod,21,21
255843,8,10,case,7,7
256669,10,12,advmod,9,9
256720,20,22,mark,19,19
256760,26,28,case,25,25
256834,7,8,det,6,6
257273,3,17,mark,1,1
257620,22,24,mark,21,21
257661,24,31,mark,23,23
257774,7,5,advmod,6,6
257811,14,16,case,13,13
258449,17,18,mark,16,16
258581,11,12,case,10,10
258892,13,14,advmod,12,12
259074,6,7,det,5,5
259352,2,4,case,1,1
259662,2,6,advmod,1,1,3,4
259988,19,33,mark,17,17,18
259988,19,33,mark,18,17,18
260180,26,3,cc,25,25
260456,23,25,case,22,22
260511,2,4,case,1,1
260664,21,18,advmod,19,19,20
260664,21,18,advmod,20,19,20
261235,13,17,mark,12,12
261330,8,10,case,7,7
261428,10,12,case,9,9
261470,29,35,mark,28,28
261588,21,29,mark,20,20
261746,6,9,advmod,5,5
261774,10,5,advmod,9,9
261774,17,14,advmod,16,16
261871,5,7,case,4,4
261942,13,15,case,12,12
262039,15,7,cc,14,14,16
263040,2,9,advmod,1,1
263287,2,4,mark,1,1
263825,10,8,advmod,9,9
263918,4,6,case,3,3,5
263967,2,4,case,1,1,3
264131,21,25,mark,20,20
264395,23,26,mark,22,22
264431,3,4,nsubj,1,1,2
264610,19,21,case,18,18
265173,43,47,mark,42,42
265498,15,17,mark,14,14
265649,34,37,case,33,33
266278,22,4,cc,21,21
266575,2,9,advmod,1,1
266673,2,4,case,1,1
266703,32,34,case,31,31
266812,22,24,mark,21,21
266905,12,8,advmod,11,11
267251,2,4,case,1,1
267251,21,22,advmod,20,20
267530,29,27,advmod,28,28
267530,37,38,mark,36,36
267925,17,19,case,16,16
268086,4,8,advmod,3,3
268098,6,7,det,5,5
268098,10,12,case,9,9
268139,18,19,advmod,17,17
268218,4,2,advmod,3,3
268280,3,16,advmod,1,1,2
268280,3,16,advmod,2,1,2
268280,26,28,case,24,24,25,27
268280,50,53,case,48,48,49,51
268404,2,5,mark,1,1
268471,5,7,case,4,4
268738,24,29,mark,23,23
268827,26,28,case,25,25
268827,56,58,case,55,55
269036,2,4,advmod,1,1
269770,19,11,cc,18,18
270432,14,16,mark,13,13
270867,50,51,mark,49,49
271082,33,34,mark,32,32
271279,19,23,mark,17,17,18,20
271279,19,23,mark,18,17,18,20
271477,27,29,case,26,26
271566,2,5,case,1,1
271654,18,31,mark,17,17
271799,5,7,case,4,4
271979,19,22,mark,18,18
272100,28,4,cc,27,27
272197,14,16,case,13,13
272243,14,11,advmod,12,12,13
272243,14,11,advmod,13,12,13
272375,6,8,case,5,5
272441,2,4,mark,1,1
272646,2,4,case,1,1
272870,40,43,case,39,39
272966,2,8,advmod,1,1
273258,11,13,case,10,10
273414,17,20,case,15,15,16,18,19
273414,17,20,case,16,15,16,18,19
273622,14,16,mark,13,13
273729,12,13,mark,11,11
274066,53,49,advmod,52,52
274469,57,12,cc,56,56
274897,17,19,advmod,16,16
274996,29,30,advmod,28,28
275358,49,46,advmod,47,47,48
275358,49,46,advmod,48,47,48
275436,9,11,advmod,8,8
275772,15,17,case,14,14
276050,12,16,mark,11,11
276085,2,3,mark,1,1
276085,24,27,mark,23,23,25
276159,46,50,mark,45,45
276159,55,50,advmod,52,52,53,54
276159,55,50,advmod,54,52,53,54
276222,14,16,case,13,13,15
276630,11,12,det,10,10
276703,4,5,advmod,3,3
276837,28,16,cc,27,27
277007,27,28,case,26,26
277453,9,11,case,8,8
278270,5,7,case,4,4
278403,23,24,det,22,22
278591,30,34,case,29,29,31,32
279092,18,20,case,17,17,19
279194,24,29,mark,23,23
279302,6,8,nsubj,4,4,5
279302,6,8,nsubj,5,4,5
279616,24,27,mark,23,23
279616,42,43,mark,41,41
280584,14,16,det,13,13
281339,2,3,mark,1,1
281841,14,16,case,13,13,15
282168,21,22,mark,20,20
282322,15,7,advcl,12,12,13,14,18
282322,15,7,advcl,13,12,13,14,18
282322,15,7,advcl,14,12,13,14,18
282345,17,18,advmod,16,16
282423,4,5,case,3,3
282449,3,4,advmod,1,1,2
282554,2,4,mark,1,1
282658,44,17,cc,43,43
283035,12,16,case,10,10,11,13
283328,22,25,mark,21,21
283520,2,7,advmod,1,1
283520,10,11,advmod,8,8,9
284006,42,43,advmod,40,40,41
284073,5,6,case,4,4
284234,2,4,case,1,1,3
285248,11,13,mark,10,10
285248,18,24,mark,17,17,19
285420,17,24,mark,16,16
285565,20,21,advmod,19,19
285691,17,18,advmod,16,16
285862,14,17,case,12,12,13,15,16
286335,48,49,mark,47,47
286853,13,15,case,12,12
286916,28,33,advmod,27,27
287376,14,16,mark,13,13
287802,2,4,advmod,1,1
287924,19,21,case,18,18
287961,25,28,advmod,24,24
288045,4,5,case,3,3
288213,2,8,advmod,1,1
288279,3,5,mark,2,2
288422,12,15,advmod,11,11,14
288587,9,10,advmod,8,8
288917,30,32,advmod,29,29
289088,2,12,advmod,1,1
289214,15,17,case,14,14
289317,4,7,case,3,3,5,6
289838,6,8,case,5,5,7
289934,2,3,mark,1,1
290050,12,13,advmod,11,11
290076,17,19,det,16,16
290352,5,7,case,4,4
290393,49,51,mark,48,48
290456,20,23,case,18,18,19,21
290491,5,9,advmod,4,4
291220,2,5,advmod,1,1
291489,18,21,case,17,17,19,20
291612,9,13,mark,8,8
291758,15,17,case,14,14,16
291758,43,20,cc,42,42
291932,15,17,mark,14,14
292091,20,16,cc,19,19
292339,17,25,mark,16,16
292392,18,26,mark,17,17
293128,11,13,case,10,10
293265,23,26,advmod,22,22,24
293388,17,15,advmod,16,16
293814,13,19,mark,12,12
293969,10,6,nmod,8,7,8,9
293969,10,6,nmod,9,7,8,9
294359,23,25,case,22,22,24
294392,14,16,case,13,13
294478,49,51,case,48,48
294565,11,15,case,10,10,12,13
294610,12,15,mark,11,11
295050,2,13,advmod,1,1
295446,2,4,case,1,1,3
295816,22,24,case,21,21
295934,9,10,case,8,8
296143,20,23,advmod,19,19,21,22
296317,23,26,case,22,22,24
296473,7,10,case,6,6
296954,26,30,case,25,25,27
296954,34,35,mark,33,33
297139,16,8,cc,15,14,15
297620,2,4,mark,1,1
297637,29,5,cc,28,28
297676,2,3,det,1,1
297787,6,0,root,5,2,3,4,5,7
297879,9,11,mark,8,8
297929,11,13,advmod,10,10
297981,6,2,cc,5,5
298006,11,9,advmod,10,10
298057,24,31,mark,23,23
298752,7,9,det,4,4,5,6
298752,7,9,det,5,4,5,6
298752,7,9,det,6,4,5,6
298801,25,26,mark,24,24
299068,26,21,cc,25,25
299383,11,13,case,10,10
299704,4,6,case,3,3
300021,26,28,case,25,25
300437,12,14,mark,11,11
300737,24,25,advmod,23,23
301057,16,18,case,15,15
301142,5,23,cc,4,4,6
301479,32,18,cc,31,31
301690,22,19,advmod,21,21
301690,25,37,mark,24,24,26
301735,22,24,case,21,21
301774,2,4,case,1,1
302032,3,6,advmod,2,2
302032,46,44,advmod,45,45
302620,2,3,advmod,1,1
302636,28,30,advmod,27,27
302737,15,18,case,13,13,14,16,17
303216,14,10,advmod,12,12,13
303216,14,10,advmod,13,12,13
303696,10,15,mark,9,9
303948,20,21,advmod,19,19
304114,20,13,cc,19,19
304166,2,25,advmod,1,1
304468,24,25,det,23,23
304925,32,34,case,31,31
305153,10,11,case,9,9
305345,24,26,case,23,23
305345,38,39,mark,37,37
305757,12,14,case,11,11
306072,11,14,mark,10,10
306141,38,41,advmod,37,37
306229,2,3,det,1,1
306278,16,14,advmod,15,15
306462,16,18,case,15,15
306726,24,25,det,23,23
307208,2,4,case,1,1,3
307231,10,7,advmod,9,9
307554,2,8,advmod,1,1
307939,14,16,mark,13,13
307984,6,4,advmod,5,5,7,8
308113,17,20,advmod,16,16
308277,22,24,case,21,21
308358,15,16,det,14,14
308850,21,23,case,20,20,22
308899,18,19,advmod,17,17
309020,2,13,mark,1,1
309020,31,33,mark,30,30,32
309088,13,15,case,12,12
309483,13,10,dobj,12,11,12,17
309504,10,13,mark,9,9
309678,12,7,cc,11,11
310278,16,18,case,15,15
310427,12,14,mark,11,11
310447,13,15,mark,12,12
310660,13,14,advmod,11,11,12
310952,2,15,advmod,1,1
311531,2,4,case,1,1
311568,38,40,case,37,37
311638,16,17,case,15,15
311794,19,22,mark,18,18
311794,24,25,mark,23,23
311906,7,9,mwe,6,6
311906,9,5,advcl,7,7,8
312153,24,22,advmod,23,23
312307,23,25,case,22,22
312339,35,15,cc,34,34
312504,29,33,mark,28,28
312985,25,23,advmod,24,24
313072,31,33,advmod,30,30,32
313523,8,11,mark,6,6,7,9
313523,8,11,mark,7,6,7,9
313870,13,15,case,12,12,14
313870,42,44,mark,41,41
314111,36,38,case,35,35
314660,4,7,mark,3,3
314859,13,21,mark,12,12
314890,9,11,case,7,7,8,10
314890,9,11,case,8,7,8,10
315269,9,11,case,8,8
315402,13,17,mark,12,12
315489,7,8,case,6,6
315609,12,16,case,11,11,13
315642,18,19,advmod,17,17
316028,9,10,det,8,8
316096,12,13,det,11,11
316503,62,63,case,61,61
316624,14,15,mark,13,13
316646,5,13,mark,4,4
316734,40,42,case,39,39
317045,4,5,cc,2,2,3
317045,4,5,cc,3,2,3
317198,4,6,mark,3,3
317537,25,28,mark,24,24
317985,2,5,mark,1,1
318380,25,28,case,23,23,24,26,27
318589,17,19,case,16,16
318771,8,10,advmod,7,7
318945,14,16,case,13,13
319015,4,7,case,2,2,3,5,6
319188,16,19,mark,15,15
319446,13,15,mark,12,12
319739,8,9,advmod,7,7
320012,24,27,case,23,23
320282,2,8,mark,1,1
320400,14,15,advmod,12,12,13
320729,10,11,det,9,9
320787,47,14,cc,46,46
320876,14,17,mark,11,11
320905,7,9,case,6,6
321080,9,11,case,8,8,10
321139,4,5,case,3,3
321343,6,7,advmod,5,5
321454,21,23,case,20,20
322105,2,6,mark,1,1
322105,52,54,advmod,51,51
322169,48,42,dobj,44,43,44,45,46,47,49
322169,48,42,dobj,45,43,44,45,46,47,49
322169,48,42,dobj,46,43,44,45,46,47,49
322169,48,42,dobj,47,43,44,45,46,47,49
322169,53,51,dobj,52,52,54,55
322738,2,4,case,1,1
322837,19,5,cc,18,18
322837,48,37,cc,47,47
323080,27,28,det,26,26
323456,16,13,advmod,14,14,15
323883,10,11,case,9,9
324436,5,1,advmod,4,4
324511,21,19,advmod,20,20
324577,40,41,det,39,39
324853,38,39,mark,37,37
324943,2,7,advmod,1,1
324994,13,10,advmod,11,11,12
325080,14,16,case,13,13
325223,2,4,case,1,1,3
325223,7,9,case,6,6,8
325324,26,28,advmod,25,25
325632,18,19,case,17,17
325908,2,3,det,1,1
325965,23,25,case,22,22
326393,8,10,case,7,7
326426,15,8,cc,14,14,16
326449,9,10,advmod,8,8
326616,15,17,advmod,14,14,16
326660,13,16,advmod,12,12,14,15
327473,5,7,case,4,4
327617,2,4,advmod,1,1
327860,14,2,cc,13,13
327939,12,16,mark,11,11
328795,27,29,case,26,26,28
328901,2,4,case,1,1
328901,25,26,mark,24,24
328964,5,10,mark,4,4
329212,25,39,mark,24,24
329343,15,16,mark,14,14
329793,6,9,case,5,5
329793,12,14,case,11,11
330347,5,3,advmod,4,4
330486,12,13,advmod,11,11
330522,18,10,cc,17,17
330574,22,24,det,21,21,23
331211,5,8,case,4,4,6
331229,20,22,case,19,19
331703,30,6,cc,29,29
331780,28,29,mark,27,27
331868,24,21,advmod,22,22,23
331868,24,21,advmod,23,22,23
331868,42,44,case,41,41,43
331938,15,16,case,14,14
332040,13,3,advmod,12,12
332168,17,18,mark,16,16,26,29
332490,47,48,mark,46,46
332550,3,8,case,1,1,2,4
332672,32,33,mark,31,31
332918,2,6,mark,1,1
333044,38,36,advmod,37,37
333370,7,8,advmod,6,6
333838,17,18,det,16,16
334056,9,7,advmod,8,8
334233,11,12,advmod,9,9,10
334433,15,4,cc,14,14
334587,18,20,case,17,17,19
334844,22,23,det,21,21
334977,25,28,mark,24,24
335132,2,5,case,1,1
335149,2,3,advmod,1,1
335295,19,21,mark,18,18
335343,26,28,advmod,25,25
335477,11,13,mark,10,10
335981,17,15,advmod,16,16
336534,9,14,mark,8,8
336556,2,3,case,1,1
337084,8,12,mark,7,7
337200,10,12,case,9,9
337245,2,6,mark,1,1
337245,17,20,case,16,16
337369,10,12,case,9,9
337428,22,20,mark,21,21,23
337533,31,33,mark,30,30
337577,6,8,case,5,5
337653,27,25,advmod,26,26,28,29
337707,23,24,advmod,22,22
337903,6,7,mark,5,5
338307,14,16,case,13,13
338327,2,5,case,1,1,3
338471,6,7,case,5,5
338541,6,4,advmod,5,5
338541,26,21,advmod,24,24,25
339089,2,8,advmod,1,1
339165,9,7,advmod,8,8
339360,7,9,case,6,6
339596,11,14,case,9,9,10,12
339848,6,16,case,5,5,10,15
340019,24,26,case,23,23
340101,23,27,mark,22,22
340288,6,8,case,5,5
340288,19,21,mark,18,18
340755,15,16,case,14,14
340803,5,6,det,4,4
340915,27,20,cc,26,26
341212,8,10,case,7,7
341519,2,9,advmod,1,1
341519,6,7,case,5,5
341534,22,25,mark,21,21
341978,33,34,advmod,32,32
342056,11,12,case,10,10
342183,2,35,advmod,1,1
342183,11,5,acl,10,6,7,8,9,10,12,13
342183,19,22,case,18,18,20
342724,36,38,case,35,35
342818,10,12,det,9,9
343137,25,27,case,24,24
343270,45,47,mark,44,44,46
343386,16,17,mark,15,15
343415,2,5,mark,1,1
343550,20,22,case,19,19
343823,27,29,advmod,26,26
343951,8,9,advmod,6,6,7
344141,15,29,mark,14,14
344228,29,30,case,28,28
344449,2,4,mark,1,1
344484,2,3,advmod,1,1
344506,11,14,advmod,10,10,12
345131,6,7,case,5,5
345501,15,17,advmod,14,14,16
346140,2,20,advmod,1,1
346334,23,25,advmod,22,22
346566,4,5,det,3,3
346814,7,9,case,6,6
347248,2,3,advmod,1,1
347297,27,36,mark,26,26
348030,10,7,cc,9,8,9
348191,11,12,advmod,9,9,10
348191,11,12,advmod,10,9,10
348266,2,6,advmod,1,1
348266,45,48,case,44,44,46,47
348490,19,21,case,18,18
349143,2,23,advmod,1,1
349613,36,33,cc,35,35
350128,2,4,case,1,1
350225,4,2,advmod,3,3
350316,33,36,case,32,32
350358,18,20,case,17,17
350358,23,24,mark,22,22
350603,26,27,det,25,25
350772,13,14,advmod,12,12
351393,8,10,case,7,7
351799,18,20,case,17,17
352449,17,19,mark,16,16
352547,5,2,advmod,3,3,4
352547,5,2,advmod,4,3,4
352597,6,3,cc,5,5
352623,4,5,case,3,3
352757,16,18,mark,15,15
352840,30,27,nmod,29,28,29,31,32,35
352906,2,3,mark,1,1
353190,36,31,nmod,34,33,34,35
353231,24,17,cc,23,23
353348,6,8,case,5,5
353561,2,7,mark,1,1
353761,35,32,cc,34,34
353843,5,3,advmod,4,4
354172,4,7,advmod,3,3
354337,13,14,mark,12,12
354678,28,7,cc,27,27
354729,20,22,mark,19,19,21
354767,14,15,mark,13,13
354898,2,4,case,1,1,3
354925,30,28,compound,29,29,31
355229,3,5,mark,2,2,4
355229,15,17,case,14,14
355396,2,10,advmod,1,1
355465,8,5,advmod,7,7,9
355596,8,9,advmod,7,7
355718,19,17,advmod,18,18
355882,9,11,advmod,8,8
355928,15,16,mark,14,14
356088,18,20,case,17,17
356088,33,10,cc,32,32
356198,42,49,mark,41,41,43,44,45,46
356501,21,34,mark,20,20
356702,14,16,case,13,13
356702,19,20,mark,18,18
356809,20,21,advmod,19,19
356927,15,5,advmod,14,14
356927,50,28,cc,49,49
357155,31,32,mark,30,30
357314,6,7,det,5,5
357496,9,10,advmod,8,8
357514,3,7,case,1,1,2,4
357953,9,12,mark,8,8
358172,19,17,advmod,18,18
358449,33,35,mark,32,32
358517,20,22,case,19,19
358745,26,27,advmod,25,25
358817,24,26,case,23,23
359005,33,34,advmod,32,32
359045,2,4,mark,1,1
359045,24,25,mark,23,23
359167,28,31,advmod,27,27
359292,12,13,advmod,11,11
359422,5,6,det,4,4
359881,10,4,cc,9,9
359917,11,12,advmod,10,10
359974,19,20,mark,17,17,18
359974,19,20,mark,18,17,18
360332,42,45,case,41,41
360599,9,10,mark,8,8
360654,15,13,advmod,14,14
360881,19,20,advmod,18,18
360939,34,37,case,33,33,35
361091,17,19,case,16,16
361490,15,17,mark,14,14
361567,22,28,mark,21,21
361825,2,8,advmod,1,1
362001,12,13,mark,11,11
362710,2,4,mark,1,1
362835,17,20,case,16,16
362877,2,4,mark,1,1,3
363232,15,19,advmod,13,13,14
364065,27,29,case,25,25,26,28
364065,27,29,case,26,25,26,28
364233,42,43,case,41,41
364519,9,11,case,8,8
365678,6,7,advmod,5,5
365678,10,13,cc,8,8,9
365678,10,13,cc,9,8,9
365765,31,24,cc,30,30,32
365765,47,24,conj,46,46,48
366484,2,8,advmod,1,1
367308,7,8,case,6,6
367684,25,22,advmod,24,24
367726,6,0,root,4,1,2,4,5,7,8
367726,6,0,root,5,1,2,4,5,7,8
367810,15,17,det,14,14
367983,7,8,mark,6,6
368258,2,7,advmod,1,1
368288,12,19,mark,11,11
368427,20,25,mark,19,19
368673,4,6,case,3,3
368828,11,16,mark,10,10
368917,19,20,mark,18,18
369396,16,17,case,15,15
369477,28,29,case,27,27
370161,15,16,advmod,14,14
370310,38,41,mark,37,37
370374,2,4,case,1,1
370444,9,10,case,8,8
370474,18,19,advmod,17,17
370537,2,7,advmod,1,1
370897,2,6,mark,1,1
370967,2,10,advmod,1,1
370967,19,20,det,18,18
371025,17,18,advmod,16,16
371051,6,8,case,5,5
371153,6,8,case,5,5,7
371408,2,5,case,1,1
371606,2,5,case,1,1
371659,28,30,case,27,27,29
372031,26,27,mark,25,25
372074,26,28,mark,25,25
372152,9,11,case,8,8
372449,12,13,mark,11,11
372613,2,6,advmod,1,1
372699,25,29,mark,24,24
372918,19,10,cc,18,18
372998,8,10,case,7,7
373153,9,10,advmod,8,8
373564,14,16,case,13,13,15
373800,6,7,case,5,5
374000,17,21,advmod,16,16,18
374098,2,5,case,1,1,3,4
374225,13,23,mark,12,12
374524,9,5,advmod,7,7,8
375032,4,7,mark,3,3
375123,7,9,advmod,6,6
375254,6,3,advmod,5,5,7,8
375513,18,20,mark,17,17
375698,10,7,advmod,9,9
375890,2,3,det,1,1
375924,19,21,case,18,18
376683,33,35,case,32,32
376892,2,7,advmod,1,1
377308,11,12,case,10,10
377308,25,12,cc,24,24
377758,2,6,advmod,1,1
378009,4,5,advmod,3,3
378150,26,27,mark,25,25
378312,12,13,case,11,11
378510,19,22,advmod,18,18,20
378510,50,61,mark,49,49
378693,13,16,case,12,12,14
378730,7,10,case,6,6
378800,48,50,case,47,47
378855,31,33,det,30,30
379438,2,7,advmod,1,1,3
380183,32,35,case,30,30,31,33,34
380289,11,12,advmod,10,10
380305,11,13,mark,10,10
380305,23,25,case,22,22
380360,18,21,mark,17,17,19
380493,13,17,mark,12,12
380493,55,57,case,54,54
380662,9,11,case,8,8,10
380772,30,32,advmod,29,29
381250,23,25,case,22,22
381312,14,16,case,13,13
381362,11,13,case,10,10
381529,14,17,case,12,12,13,15
382231,50,51,case,49,49
382231,54,57,advmod,53,53
382305,23,25,case,22,22
382305,28,30,mark,27,27
382678,14,24,mark,13,13
382836,2,5,mark,1,1
382879,15,16,mark,14,14
382948,11,13,case,10,10
383038,14,15,mark,13,13
383038,29,31,case,28,28
383250,4,10,mark,3,3,5,6
383270,13,16,mark,12,12
383317,7,3,advmod,6,6
383457,4,2,advmod,3,3
383701,13,15,mark,12,12,14
383701,33,20,cc,32,32
383896,16,17,advmod,15,15
383990,25,27,case,24,24
384159,2,13,advmod,1,1
384243,44,56,mark,43,43
384322,31,32,det,30,30
384782,57,59,case,56,56,58
384910,3,7,nsubj,1,1,2
384910,3,7,nsubj,2,1,2
385047,8,14,mark,7,7
385172,32,22,cc,31,31
385356,12,13,mark,11,11,19,21
385389,15,11,advmod,12,12,13,14
385389,15,11,advmod,13,12,13,14
385389,15,11,advmod,14,12,13,14
386477,23,26,case,21,21,22,24
386905,24,25,mark,23,23
387143,21,23,case,20,20
388270,12,14,case,11,11,13
388536,14,5,cc,13,13,15
388572,6,8,case,5,5
388814,20,24,case,19,19,21,22
388876,25,26,case,24,24
389015,2,6,mark,1,1
389315,17,18,det,16,16
389400,23,33,mark,22,22
389478,33,35,case,32,32
390773,18,21,mark,17,17
390876,2,8,advmod,1,1
390876,6,8,nsubj,4,4,5
390876,6,8,nsubj,5,4,5
390936,23,25,case,22,22
391228,2,5,advmod,1,1
391420,17,18,det,16,16
391661,19,17,advmod,18,18,20,21
392359,21,23,case,20,20
393196,46,48,case,45,45
393971,30,31,det,29,29
394094,15,27,mark,14,14
394542,12,16,mark,11,11
394542,30,33,mark,29,29
394830,22,23,advmod,21,21
395342,2,4,mark,1,1
395928,20,18,advmod,19,19
396041,18,19,advmod,17,17
396650,20,21,det,19,19
396842,12,13,mark,11,11
397010,8,0,root,2,2,6,7,13,15
397028,6,7,advmod,4,4,5
397773,4,7,case,1,1,2,3,5
397773,4,7,case,2,1,2,3,5
397910,9,12,case,8,8,10
398097,23,25,case,22,22
398451,8,21,mark,7,7
398497,35,24,cc,34,34
398798,11,15,mark,10,10
399160,12,14,mark,11,11
399427,19,21,case,18,18
399427,36,39,mark,35,35
399620,2,5,case,1,1
399620,11,12,advmod,10,10
399978,2,3,case,1,1
400335,30,33,case,28,28,29,31
400335,30,33,case,29,28,29,31
400372,10,11,advmod,9,9
400482,5,6,advmod,4,4
400546,13,15,mark,12,12
400818,18,21,mark,17,17,19
401115,15,6,cc,14,14
401753,9,10,det,6,6
402153,10,11,mark,9,9
402609,9,11,case,8,8
402671,8,9,case,7,7
402773,32,33,case,31,31
403078,8,10,case,7,7,9
403150,9,11,case,8,8
403252,7,4,conj,6,6
403311,17,18,mark,16,16
403405,14,18,mark,13,13
403476,50,52,case,49,49
403702,23,25,mark,22,22
404109,9,7,advmod,8,8
404109,11,14,case,10,10
404604,2,3,mark,1,1
404604,21,25,mark,20,20
404815,18,24,mark,17,17
405057,6,3,advmod,4,4,5
405073,2,3,det,1,1
405281,12,14,case,11,11
405281,30,32,case,29,29
405359,9,12,advmod,8,8,10
405541,7,11,case,6,6,8,9
405961,12,13,mark,11,11
405983,6,7,det,5,5
406054,4,5,det,3,3
406109,2,5,case,1,1
406197,5,7,mark,4,4
406365,12,14,mark,11,11
406934,27,28,advmod,26,26
407125,2,5,advmod,1,1
407198,9,2,cc,8,8
407263,5,2,advmod,4,3,4
407277,2,4,case,1,1
407535,23,25,det,22,22
407590,5,3,advmod,4,4
407639,2,7,advmod,1,1
407715,13,19,cc,12,12
407969,24,26,case,23,23
408337,20,21,case,19,19
408520,3,8,advmod,1,1,2
408520,3,8,advmod,2,1,2
408587,2,7,advmod,1,1
409283,7,8,mark,6,6
409283,18,19,advmod,17,17
409325,3,5,case,2,2
409425,56,58,case,55,55
409703,16,17,advmod,15,15
