3003
4189
6379
6811
10003
13061
15485
18146
20585
22648
25406
27581
27612
30045
34716
37445
39251
39606
39606
39675
40969
41197
42128
47568
48344
48344
48344
48344
48344
48344
49127
51975
52860
53394
53632
57168
57376
57376
59151
61486
62688
63222
66074
67395
67395
69614
73716
74079
76551
78107
78934
78934
79721
87942
87942
87942
89283
90574
95913
96630
97066
97471
98772
98772
106840
107558
109124
109173
109418
114396
115085
120900
124862
124862
127363
133268
134217
135396
142150
142369
151252
152275
153836
154696
154949
160414
161397
162577
167021
171399
172269
176705
178402
180101
182120
182914
183267
187151
188389
188501
190586
190586
191821
204841
206039
207697
211517
212974
213017
214391
214529
218624
218888
220099
220293
229823
233727
233823
233823
234121
239995
240543
241131
245089
248218
257324
263984
264539
267597
267597
270224
270567
273526
273553
274637
275026
277222
277222
282243
283026
285345
290994
291521
301204
303457
303492
307550
307550
307550
307550
309996
310476
311249
312733
313544
315240
319519
323086
324719
333739
334136
334231
334883
337340
339091
344361
345553
347179
347634
348886
351795
356730
359554
362013
362013
362336
363152
364344
365253
368488
370965
373124
375404
376696
377013
378551
390383
390728
390744
391657
392129
392963
394290
394953
394953
394953
394953
394953
394953
394953
394953
398468
399803
401497
402522
405627
409545
---------- POS for Dep det -----------
ADJ: 2
ADP: 96
ADV: 48
DET: 50375
NOUN: 7
PRON: 3
PROPN: 200
PUNCT: 3
VERB: 2
X: 10
