3014
4194
6415
6827
10027
13073
15500
18168
20606
25425
27584
27618
30067
37457
39277
39635
39639
39687
40991
41217
42166
47570
48363
48366
48369
48372
48375
48378
49140
51989
52876
53433
53682
57227
57402
57405
59171
61492
62734
63235
66093
67403
67438
73728
76577
78131
78948
78969
79746
87951
87959
87965
89292
90603
95931
96650
97087
97482
98780
98783
106857
107563
109167
109187
109431
115103
120931
124876
124879
127374
133294
134250
135409
142177
142381
151257
152277
153848
154710
154975
160458
161414
167031
171412
172273
176721
178409
180111
182123
183278
187156
188392
188516
190627
190642
191867
204892
206078
207755
211564
213039
214574
218671
218929
220135
220378
229871
233760
233870
233873
234162
240025
240570
241169
245116
248270
257358
264024
264599
267650
267653
270289
270600
273559
273616
274688
275055
277280
277293
282301
283082
285393
291024
291555
301235
303493
303529
307584
307616
307635
307656
310031
310514
311298
312786
313595
315279
319581
323134
324757
333785
334185
334266
334919
337380
339143
345595
347238
347704
348919
351829
356768
359593
362046
362049
363187
364385
365291
368528
371003
373182
375437
376742
377053
378602
390421
390768
390783
391712
392179
393000
394333
394995
395001
395008
395016
395027
395033
395066
395069
398504
399839
401573
402568
405659
409626
