6
27
56
104
259
302
446
470
498
680
758
825
889
1016
1036
1124
1139
1167
1185
1232
1269
1284
1325
1343
1438
1531
1553
1554
1576
1636
1669
1685
1787
1827
1957
2007
2029
2192
2300
2389
2630
2666
2719
2749
2802
2814
2826
2883
2947
3227
3283
3292
3475
3615
3753
4041
4158
4307
4427
4500
4529
4543
4716
4749
4779
4815
5249
5341
5376
5413
5423
5523
5537
5606
5680
5687
5780
5871
6035
6062
6119
6234
6255
6437
6628
6859
6906
6951
6970
7199
7210
7280
7289
7406
7478
7528
7610
7693
7766
7913
7929
7995
8039
8370
8385
8540
8599
8616
8642
8671
8856
8875
8893
8905
8989
9000
9020
9103
9194
9291
9331
9492
9660
9698
9700
9726
9801
9865
9977
10158
10249
10319
10352
10354
10367
10507
10526
10719
10900
10930
11011
11030
11090
11118
11169
11291
11334
11430
11431
11477
11500
11586
11684
11712
11784
11825
12045
12154
12374
12471
12540
12601
12611
12670
12689
12725
13021
13300
13329
13409
13453
13489
13521
13748
13876
13968
14056
14292
14446
14480
14570
14645
14655
14798
14977
15245
15443
15466
15511
15543
15563
15599
15603
15627
15654
15709
15717
15735
15818
16021
16415
16446
16688
16728
16752
16762
16898
17112
17231
17343
17563
17624
17745
18085
18104
18209
18250
18262
18302
18641
18701
18734
18857
18962
19162
19224
19594
19721
19787
20065
20179
20268
20372
20453
20533
20630
20687
20761
20855
20884
20920
20944
20960
20978
20992
21006
21037
21099
21134
21224
21478
21548
21584
21649
21739
21791
21853
21979
22062
22086
22179
22247
22274
22324
22461
22470
22540
22634
22742
22830
22867
22918
22951
23003
23063
23136
23390
23397
23504
23592
23788
23834
23931
24084
24114
24359
24515
24568
24591
24611
24737
24894
25047
25057
25102
25125
25166
25197
25252
25273
25356
25393
25600
25816
25965
26087
26143
26156
26162
26373
26571
26595
26853
26968
26985
27064
27137
27183
27292
27330
27342
27554
27576
27808
27826
27828
27931
28033
28038
28061
28093
28125
28167
28201
28300
28391
28530
28694
28712
28732
29056
29128
29154
29255
29448
29482
29508
29523
29789
29934
29992
30080
30218
30308
30401
30466
30516
30568
30718
30750
30776
30810
30858
31147
31310
31424
31716
31829
31896
32212
32280
32284
32296
32315
32412
32416
32462
32510
32511
32711
32742
32883
32915
32916
32960
32962
33044
33056
33075
33283
33355
33533
33610
33654
33694
33703
33729
33785
33799
33847
33987
34024
34041
34109
34305
34654
34675
34840
34936
35005
35108
35178
35249
35318
35341
35429
35440
35442
35746
36071
36105
36127
36142
36323
36359
36479
36506
36552
36558
36594
36830
36954
37127
37156
37309
37356
37433
37465
37549
37560
37581
37803
37833
37853
37913
38044
38067
38083
38202
38394
38437
38480
38958
39148
39316
39386
39579
39766
39785
39786
39801
39832
39885
39887
40121
40193
40210
40301
40303
40340
40417
40467
40491
40509
40671
40684
40727
40778
40787
40893
41119
41125
41228
41435
41521
41617
41666
42140
42149
42190
42315
42456
42479
42570
42754
42778
42803
42821
42833
42981
43184
43281
43296
43302
43435
43614
43750
43853
43886
43895
43994
44004
44103
44112
44236
44247
44498
44614
44623
44632
44711
44867
44904
44921
45238
45278
45296
45366
45435
45727
45777
45996
46041
46083
46114
46314
46394
46398
46406
46430
46452
46501
46544
46608
46665
46682
46706
46736
46795
46810
46864
46876
46903
46940
46963
47004
47012
47117
47153
47202
47262
47343
47370
47398
47511
47529
47537
48037
48049
48092
48299
48420
48479
48629
48638
48659
48761
48874
48915
48946
49113
49242
49243
49264
49715
49829
50012
50037
50136
50186
50282
50290
50315
50407
50418
50433
50679
50773
50785
50799
50908
50939
50991
50994
51046
51048
51066
51074
51084
51111
51204
51358
51362
51447
51459
51490
51660
51668
51769
51798
51812
51824
51834
51862
51944
52043
52058
52135
52235
52368
52419
52466
52570
52571
52615
52645
52743
52838
52919
53026
53331
53363
53405
53545
53572
53724
53760
53904
53911
53949
53999
54009
54037
54066
54102
54165
54172
54324
54380
54477
54531
54572
54586
54588
54616
54647
54668
54713
54744
54883
54934
55009
55033
55060
55369
55446
55493
55554
55574
55770
55897
55916
55998
56129
56221
56238
56252
56347
56409
56433
56523
56629
56637
56708
56735
56805
56819
56834
56863
56877
56900
56912
56953
57053
57072
57073
57096
57156
57270
57389
57575
57576
57680
57721
57754
57802
57858
57873
58011
58070
58330
58378
58416
58426
58586
58620
58639
58700
58733
58748
58849
59005
59095
59121
59173
59229
59309
59367
59433
59641
59687
59901
60109
60203
60213
60248
60279
60296
60443
60513
60736
60781
60819
60962
61124
61176
61224
61451
61538
61565
61822
61922
62006
62021
62242
62323
62368
62389
62516
62547
62563
62606
63047
63067
63123
63261
63315
63339
63509
63711
63922
63934
63957
63978
63998
64224
64260
64313
64323
64362
64450
64451
64511
64528
64538
64753
64780
64853
64975
64994
64996
65091
65228
65430
65537
65554
65695
65741
65773
65822
65887
65987
66016
66181
66206
66238
66250
66310
66401
66403
66405
66487
66544
66576
66585
66595
66670
66709
66835
66871
66943
67049
67089
67201
67234
67529
67564
67665
67744
67837
67851
67887
68049
68054
68108
68242
68338
68344
68447
68545
68668
68858
68926
69008
69059
69169
69177
69182
69201
69321
69322
69378
69389
69404
69455
69578
69640
69679
69713
69728
69741
69752
69845
69919
69960
69976
69981
70002
70052
70145
70177
70537
70547
70741
70761
70823
70973
71049
71403
71437
71451
71456
71471
71486
71558
71565
71637
71666
71680
71688
71838
71889
72032
72086
72095
72136
72157
72305
72363
72439
72635
72715
72741
72751
72775
72776
72791
72830
72932
72957
73154
73160
73292
73367
73399
73426
73510
73526
73549
73797
73848
73849
73865
73934
74183
74249
74400
74416
74437
74468
74558
74583
74801
74807
74847
74869
74933
74945
75181
75257
75314
75315
75348
75415
75457
75489
75527
75571
75613
75712
75804
75886
75892
76019
76020
76193
76208
76227
76371
76383
76518
76524
76597
76627
76648
76829
76921
77066
77079
77202
77248
77372
77389
77537
77587
78032
78056
78061
78074
78169
78287
78368
78389
78402
78463
78567
78595
78706
78726
78842
78993
79027
79121
79202
79310
79398
79506
79548
79569
79621
79732
79781
79828
79953
79977
80029
80030
80045
80075
80142
80182
80191
80250
80280
80302
80357
80468
80720
80749
80830
80877
80897
80898
81100
81140
81180
81201
81220
81236
81364
81487
81547
81592
81990
82319
82413
82525
82526
82553
82578
82618
82630
82657
82757
82786
82810
82847
82881
83000
83054
83076
83126
83180
83198
83284
83539
83566
83674
83683
83712
83717
83733
83766
83773
83854
84319
84403
84440
84551
84709
84785
84849
84904
85026
85065
85118
85281
85387
85468
85606
85720
85762
85939
86039
86064
86075
86289
86304
86532
86742
86798
86805
86815
86890
86910
86952
86979
87135
87209
87227
87385
87524
87624
87738
87793
87909
88078
88133
88565
88607
88730
88779
88805
88819
88853
88968
89061
89075
89087
89119
89337
89348
89456
89462
89479
89547
89572
89581
89629
89644
89718
89752
89780
89834
89872
89941
90271
90613
90660
90679
90714
90742
90796
90808
90867
90971
91098
91138
91148
91171
91254
91449
91456
91515
91532
91545
91602
91878
91910
91949
92020
92398
92407
92539
92581
92595
92618
92785
92819
92847
92953
93051
93066
93155
93166
93273
93291
93292
93322
93323
93389
93489
93563
93599
93680
93805
93931
94066
94073
94191
94326
94487
94500
94523
94601
94774
94785
94848
94861
94887
94917
94942
95093
95121
95151
95372
95464
95573
95605
95725
95779
95831
96074
96116
96416
96457
96480
96721
96817
96828
97077
97123
97242
97251
97363
97485
97807
97822
97827
97896
97907
97955
98125
98135
98419
98451
98493
98510
98527
98629
98679
98687
98700
98716
98722
98750
98807
98828
98913
99040
99107
99180
99225
99301
99341
99360
99586
99626
99640
99710
99732
99782
99807
99934
100080
100092
100140
100157
100179
100225
100241
100277
100304
100368
100388
100408
100487
100561
100697
100774
100862
100875
101032
101317
101348
101370
101630
101780
101877
101909
102037
102055
102071
102138
102293
102319
102611
102693
102746
102802
102819
102851
103073
103230
103238
103272
103351
103397
103432
103433
103486
103513
103785
103856
103857
103875
103969
104009
104067
104076
104086
104098
104099
104104
104138
104159
104166
104202
104271
104405
104448
104490
104500
104538
104588
104589
104765
104817
104825
105016
105121
105220
105230
105265
105494
105640
105751
105790
105860
105994
106003
106015
106018
106066
106101
106208
106232
106241
106286
106371
106586
106647
106759
106780
106982
107006
107073
107325
107476
107494
107692
107697
107786
107842
107939
108013
108014
108025
108414
108475
108493
108500
108512
108575
108578
108729
108787
108869
108884
108946
109110
109371
109502
109522
109564
109586
109605
109838
110185
110242
110432
110617
110641
110651
110735
110846
110871
111091
111185
111256
111268
111303
111381
111484
111556
111605
111614
111671
111675
111712
111738
111791
111863
112036
112068
112143
112505
112515
112686
112875
112890
113143
113207
113223
113389
113420
113481
113626
113696
113762
113827
113866
114082
114453
114457
114464
114524
114565
114707
114814
114815
114834
114904
114937
114953
115052
115116
115429
115494
115697
115770
115821
115907
115913
116064
116116
116544
116555
116565
116578
116583
116617
116623
116625
116690
116699
116931
117147
117208
117258
117259
117275
117284
117389
117572
117639
117799
117850
117868
118053
118102
118118
118123
118214
118239
118389
118456
118513
118560
118618
118719
118771
118878
119293
119314
119451
119456
119472
119547
119563
119656
119699
119719
119763
119790
119801
119816
119903
119942
120057
120100
120119
120128
120193
120224
120248
120302
120363
120386
120408
120491
120545
120547
120558
120573
120583
120664
120688
120696
120887
120991
120999
121050
121174
121292
121538
121628
121700
121708
122052
122136
122391
122529
122548
122562
122573
122641
122772
122896
122946
122984
123056
123091
123121
123129
123168
123318
123573
123611
123624
123810
123882
123924
124045
124079
124100
124114
124206
124325
124335
124447
124508
124564
124598
124687
124698
124705
124735
124736
124871
124937
125029
125058
125110
125137
125221
125285
125410
125548
125593
125608
125616
125708
125972
125984
126109
126290
126460
126512
126570
126605
126681
126749
126813
126876
126886
126908
126937
126960
127007
127036
127055
127070
127152
127168
127177
127412
127423
127530
127542
127673
127708
127811
127900
128119
128124
128218
128343
128446
128450
128660
128815
128837
128903
128957
129135
129137
129222
129233
129242
129270
129509
129796
130030
130041
130042
130125
130210
130326
130337
130369
130489
130620
130638
130676
130725
130752
130784
130880
130922
131047
131144
131348
131379
131419
131538
131696
131742
131760
131857
131943
131959
131969
132256
132272
132280
132377
132521
132658
132681
132731
132787
132909
132985
133030
133343
133441
133559
133746
133793
133887
133928
133946
134100
134126
134171
134181
134195
134339
134364
134452
134620
134990
135068
135088
135215
135251
135291
135315
135487
135488
135501
135539
135550
135598
135834
135905
136411
136581
136652
136653
136664
136859
136883
137013
137044
137107
137364
137420
137531
137776
137799
138060
138144
138163
138184
138300
138345
138389
138432
138455
138641
138725
138839
138859
138903
139032
139099
139106
139177
139312
139318
139438
139470
139529
139623
139656
139659
139681
139696
139966
140007
140089
140195
140543
140584
140616
140679
140849
140860
140884
140922
140986
141036
141116
141183
141194
141211
141244
141260
141435
141454
141462
141564
141603
141683
141833
141852
142048
142084
142103
142127
142211
142288
142428
142449
142551
142563
142583
142757
142859
142902
143020
143107
143203
143359
143493
143537
143542
143719
143728
143939
143970
143983
144008
144052
144125
144135
144169
144253
144343
144413
144467
144528
144590
144608
144772
144928
144930
145059
145077
145152
145255
145265
145371
145400
145638
145677
145716
145789
145847
146110
146413
146414
146426
146447
146457
146476
146562
146691
146775
146815
146870
146884
147006
147041
147071
147087
147168
147219
147259
147319
147458
147484
147534
147540
147553
147642
147659
147801
147802
147845
147856
147872
148057
148134
148139
148345
148556
148605
148658
148727
148792
148801
148820
148900
149004
149063
149078
149214
149228
149489
149494
149533
149599
149663
149681
149717
149863
150117
150179
150355
150413
150488
150616
150685
150694
150787
150814
150851
150959
150998
151082
151109
151178
151190
151199
151235
151450
151495
151584
151649
151658
151756
151766
151815
151921
151950
151985
152122
152155
152248
152363
152480
152509
152567
152626
152901
152905
152906
153377
153428
153471
153507
153622
153724
153757
153921
153940
153972
153996
154046
154084
154156
154252
154334
154643
154722
154804
154907
155036
155290
155363
155445
155474
155668
155678
155824
155855
155880
155893
155924
155945
155969
156155
156185
156191
156200
156226
156332
156340
156424
156602
156612
156679
156730
156909
157099
157224
157241
157276
157318
157419
157559
157619
157655
157659
157687
158042
158080
158394
158399
158408
158417
158433
158462
158655
158809
158997
159079
159142
159215
159254
159344
159503
159648
159658
159669
159763
159876
159966
160212
160296
160309
160430
160475
160529
160593
160620
160648
160653
160669
160686
160774
160890
160911
160923
160924
160957
161047
161061
161106
161203
161226
161249
161294
161382
161500
161582
161775
161795
161846
161879
161921
162027
162312
162559
162618
162739
162744
162766
162790
162857
163365
163550
163706
163764
163795
163801
163841
163874
163928
164054
164168
164191
164375
164410
164428
164451
164467
164494
164505
164631
164635
164690
164700
164710
164717
164723
164826
164864
165007
165015
165024
165081
165133
165244
165386
165453
165466
165479
165656
165700
165884
165913
165930
165971
166028
166078
166249
166319
166423
166499
166516
166583
166599
166653
166678
166896
166908
166976
167025
167066
167180
167220
167227
167297
167406
167447
167488
167534
167553
167961
168086
168190
168562
168761
168817
168858
169038
169064
169198
169203
169382
169413
169485
169507
169539
169696
170034
170146
170153
170185
170186
170242
170260
170290
170384
170385
170487
170603
170676
170883
170896
170914
171094
171489
171753
171775
171804
171967
172077
172106
172148
172226
172254
172325
172404
172425
172446
172499
172555
172563
172574
172595
172614
172694
172723
172750
172757
172784
172822
172990
173055
173066
173080
173157
173176
173181
173455
173489
173511
173536
173595
173699
173724
173858
173943
174120
174179
174281
174308
174401
174447
174713
174769
174791
174797
174806
174919
175011
175254
175376
175530
175553
175597
175614
175640
175653
175735
175788
175799
175875
175966
176037
176051
176132
176170
176220
176283
176292
176314
176440
176456
176486
176497
176506
176647
176660
176765
177059
177090
177122
177181
177247
177288
177443
177486
177586
177740
177889
177890
177918
177961
177962
178004
178065
178074
178097
178139
178168
178191
178287
178298
178309
178311
178319
178356
178379
178760
178809
178929
179022
179111
179116
179226
179240
179383
179501
179605
179852
179998
180091
180158
180205
180215
180226
180435
180448
180461
180493
180663
180706
180731
180743
180776
180937
180991
181004
181036
181037
181520
181719
181837
182003
182062
182101
182198
182227
182316
182364
182371
182509
182612
182639
182711
182731
182751
182779
182781
182868
182891
182961
183029
183100
183105
183123
183228
183286
183323
183338
183387
183411
183522
183639
183767
183821
183833
183952
183972
183984
184010
184047
184232
184267
184276
184315
184342
184506
184527
184536
184551
184552
184716
184840
184931
185012
185053
185143
185206
185307
185428
185442
185485
185532
185616
185705
185727
185740
185784
185797
185870
186107
186121
186138
186272
186453
186465
186507
186792
187034
187338
187525
187673
187686
187751
187910
187939
187959
187978
188083
188142
188176
188177
188531
188565
188667
188690
188806
188918
188960
188982
188999
189236
189335
189456
189468
189817
189912
190078
190114
190195
190204
190227
190237
190294
190477
190551
190650
190807
190829
190858
190875
190985
191029
191050
191064
191196
191214
191226
191250
191605
191613
191644
191682
191712
191917
192003
192153
192178
192216
192282
192292
192340
192353
192387
192393
192507
192553
192576
192601
192730
192788
192900
192940
193051
193239
193315
193339
193345
193402
193466
193535
193565
193684
193726
193766
193834
193870
193935
194030
194152
194286
194324
194353
194465
194535
194548
194556
194636
194758
194832
195045
195111
195138
195310
195477
195614
195757
195781
195801
195816
195850
195960
196165
196182
196201
196286
196368
196408
196608
196639
196668
196714
196725
196879
196954
196959
197110
197208
197271
197272
197378
197564
197641
197654
197699
197716
197743
197765
197809
197855
197959
198004
198034
198077
198092
198168
198176
198224
198265
198444
198462
198471
198514
198540
198816
198837
198942
198989
199071
199108
199312
199372
199373
199450
199460
199473
199493
199508
199516
199857
199884
199925
199964
200046
200067
200195
200205
200269
200371
200377
200431
200442
200835
200839
200953
200971
201008
201213
201247
201279
201448
201479
201504
201640
201824
202110
202150
202172
202249
202265
202294
202295
202303
202311
202433
202436
202503
202519
202693
202774
202880
202915
202943
202955
202990
203014
203047
203097
203160
203247
203421
203429
203499
203637
203668
203707
203824
203977
204169
204326
204328
204538
204591
204666
204772
204777
204829
204857
204888
205038
205133
205134
205385
205394
205429
205518
205523
205565
205638
205699
205745
205861
205880
205938
206038
206111
206118
206255
206299
206431
206449
206718
206923
206964
206991
207157
207163
207248
207343
207437
207554
207648
207803
207826
207879
207957
208060
208075
208217
208246
208272
208273
208450
208682
208729
208817
208824
208853
208866
208889
208970
209076
209122
209252
209255
209297
209353
209428
209447
209519
209568
209577
209587
209608
209689
209911
210051
210191
210326
210436
210535
210661
210675
210731
210797
210829
210889
210967
211093
211126
211137
211203
211218
211245
211260
211415
211453
211621
211640
211686
211704
211881
211945
211966
211988
212094
212200
212214
212256
212659
212716
212770
212823
213004
213074
213121
213185
213214
213268
213309
213353
213442
213567
213571
213644
213978
214094
214237
214246
214423
214425
214465
214500
214607
214662
214698
214766
214907
215029
215068
215160
215173
215337
215362
215616
215774
215842
215928
215969
216023
216060
216233
216234
216283
216295
216404
216456
216481
216517
216617
216650
216708
216721
216733
216781
216855
216873
216925
216993
217056
217105
217130
217192
217392
217413
217458
217478
217489
217572
217606
217702
217754
217831
217871
218024
218045
218125
218177
218290
218315
218349
218416
218521
218530
218556
218701
218844
218871
218989
219036
219109
219298
219348
219357
219370
219371
219392
219546
219560
219756
219818
219986
220060
220068
220082
220201
220332
220444
220454
220464
220465
220533
220654
220776
220817
220837
221047
221088
221211
221219
221260
221291
221403
221430
221513
221614
221977
221981
222169
222252
222280
222289
222430
222481
222614
222654
222774
222779
222900
222932
222945
222965
223050
223139
223187
223253
223325
223424
223545
223898
223903
223933
223994
224354
224470
224503
224763
224783
224851
224932
224952
225019
225041
225104
225123
225170
225225
225325
225469
225501
225561
225645
225796
225813
225829
226103
226108
226137
226209
226264
226356
226602
226634
226799
226813
226906
226938
226986
227066
227182
227320
227373
227395
227638
227717
227869
227994
228024
228193
228379
228392
228425
228441
228458
228477
228613
228756
228919
228928
229006
229071
229309
229508
229518
229594
229611
229812
229825
229912
230055
230090
230157
230351
230363
230504
230601
230666
230779
230827
230895
231030
231039
231161
231264
231439
231472
231621
231640
231701
231755
231825
231870
231885
231915
231916
232039
232209
232220
232265
232370
232391
232409
232454
232628
232659
232675
232676
232708
232845
232907
232924
233059
233087
233108
233295
233396
233413
233507
233769
233976
233990
233991
234017
234154
234231
234359
234371
234382
234438
234455
234552
234582
234583
234644
234686
234721
234762
234820
234843
234857
235005
235120
235155
235304
235421
235427
235436
235452
235609
235639
235702
235739
235759
236008
236138
236167
236312
236469
236519
236835
236930
237016
237037
237062
237292
237349
237371
237385
237437
237719
237858
238079
238236
238246
238266
238293
238308
238436
238445
238520
238586
238590
238706
238727
238749
238819
238828
238852
239024
239060
239092
239151
239178
239442
239494
239512
239528
239803
239814
239821
239822
239839
239860
239883
239924
240290
240320
240385
240551
240622
240639
240762
240804
240866
240911
241440
241493
241642
241773
241820
241886
241895
242036
242319
242326
242374
242472
242689
242863
242925
243027
243066
243087
243100
243147
243167
243236
243292
243294
243336
243343
243494
243661
243821
243932
243941
243950
244654
244705
244853
244865
245192
245295
245337
245375
245459
245484
245505
245566
245876
245936
245957
246500
246514
246713
246997
247168
247297
247327
247351
247395
247396
247400
247419
247730
247795
247851
247908
247932
247948
248023
248056
248144
248295
248384
248442
248510
248593
248708
248731
248801
248836
248848
248993
249217
249232
249263
249287
249378
249561
249574
249583
249957
249986
250011
250169
250351
250432
250454
250576
250606
250619
250659
250677
250936
251017
251247
251258
251311
251379
251479
251483
251522
251584
251604
251621
251631
251656
251657
251751
251911
251969
251997
252030
252052
252073
252137
252403
252448
252464
252475
252636
252793
252819
252853
253098
253184
253332
253498
253614
253637
253817
253860
253888
253889
253979
254104
254149
254177
254229
254238
254335
254379
254465
254521
254532
254548
254580
254581
254649
254849
254870
254902
254943
255117
255198
255224
255253
255282
255321
255466
255599
255611
255635
255646
255772
255957
256140
256232
256249
256265
256344
256430
256446
256515
256570
256656
256694
256712
256766
256848
256948
256986
257026
257058
257175
257233
257425
257611
257623
257664
257689
257727
257763
257777
257936
258058
258065
258179
258208
258209
258324
258336
258365
258437
258452
258468
258499
258651
258672
258695
258733
258918
259095
259113
259189
259260
259364
259390
259477
259490
259504
259603
259676
259684
259723
259755
259973
259991
260000
260120
260123
260235
260289
260406
260458
260467
260496
260520
260676
260700
260728
260826
260844
260916
260948
261094
261110
261244
261251
261335
261473
261491
261501
261514
261578
261596
261616
261630
261713
261948
262017
262199
262211
262244
262291
262338
262361
262379
262385
262392
262393
262403
262430
262488
262627
262652
262657
262749
262815
262850
262945
263112
263113
263300
263308
263387
263400
263502
263611
263741
263819
263974
264136
264154
264183
264198
264302
264336
264384
264412
264471
264476
264532
264725
264873
264960
264974
264999
265031
265208
265350
265389
265391
265452
265464
265488
265570
265658
265713
265789
265809
265904
265911
265922
265986
266005
266061
266218
266315
266359
266365
266366
266437
266608
266620
266801
266845
267008
267065
267261
267287
267366
267461
267538
267637
267688
267722
267783
267809
268022
268160
268300
268324
268372
268408
268431
268577
268659
268690
268707
268895
269101
269238
269395
269459
269470
269553
269670
269812
269856
269953
269955
269973
269979
269984
270128
270331
270521
270635
270652
270765
270823
270900
271096
271122
271195
271205
271255
271293
271369
271500
271581
271759
271903
272011
272079
272176
272200
272233
272251
272263
272353
272522
272533
272563
272615
272668
272675
272715
272721
272747
272781
272810
272864
272958
272959
272971
272986
273029
273240
273333
273353
273416
273626
273699
273731
273800
273832
273892
273942
274002
274068
274145
274288
274428
274471
274527
274539
274558
274572
274578
274613
274641
274715
274716
275005
275021
275147
275172
275202
275304
275305
275343
275442
275480
275621
275683
275697
275710
275764
275819
275954
276120
276190
276444
276529
276549
276654
276666
276686
276705
276764
276776
276782
276824
276893
277038
277060
277115
277324
277358
277636
277656
277677
277690
277701
277767
277768
277789
278013
278092
278167
278231
278281
278293
278315
278331
278405
278428
278502
278538
278559
278568
278598
278645
278711
278738
278739
278804
278979
278989
279012
279013
279104
279171
279288
279318
279381
279405
279413
279466
279497
279499
279526
279562
279660
279668
279706
279730
279809
279907
279918
279919
280111
280124
280203
280246
280332
280338
280356
280365
280438
280456
280588
280622
280637
280700
280813
280865
281031
281071
281187
281262
281369
281450
281472
281484
281513
281515
281566
281668
281723
281733
281759
281902
281973
282031
282211
282352
282405
282455
282522
282722
282795
282902
282978
283007
283058
283182
283206
283207
283457
283462
283526
283575
283708
283775
283806
283953
283969
284008
284044
284149
284174
284243
284280
284301
284311
284337
284425
284562
284620
284625
284633
284658
284714
284716
284741
284854
284869
284933
285096
285105
285171
285218
285322
285328
285380
285520
285619
285628
285652
285774
285839
286033
286047
286069
286087
286142
286182
286204
286233
286252
286266
286293
286454
286455
286460
286535
286574
286584
286627
286687
286722
286960
287109
287133
287187
287208
287245
287426
287444
287451
287569
287814
287852
287928
287997
288067
288204
288703
288836
288876
288903
288958
288991
288999
289274
289372
289385
289386
289635
289751
289889
289905
289912
289926
289951
290031
290103
290125
290222
290225
290237
290241
290292
290378
290395
290404
290464
290624
290673
290685
290738
290747
290780
290823
290963
291154
291162
291191
291204
291374
291496
291624
291672
291794
291841
291917
291974
292097
292164
292182
292203
292208
292224
292407
292417
293048
293071
293094
293112
293142
293170
293209
293422
293555
293615
293680
293696
293807
293875
294062
294092
294158
294172
294235
294245
294368
294378
294480
294515
294559
294572
294593
294680
294741
294925
295003
295069
295216
295310
295318
295467
295694
295735
295887
296179
296265
296528
296544
296618
296661
296717
296887
296893
296901
296968
297172
297282
297337
297402
297486
297790
297962
298029
298041
298076
298133
298183
298224
298360
298472
298658
298818
298855
298938
298954
298967
299004
299155
299195
299650
299655
299666
299698
299717
299744
299759
299831
299846
299864
299951
299998
300185
300450
300538
300539
300562
300624
300692
300775
300795
300806
300819
300954
300974
301051
301062
301091
301113
301115
301176
301297
301366
301388
301589
301848
301858
301972
301979
301998
302047
302094
302136
302196
302200
302234
302299
302380
302384
302408
302431
302446
302475
302650
302888
302966
303098
303201
303239
303455
303549
303561
303710
303744
303782
303878
304038
304080
304088
304100
304190
304197
304198
304216
304324
304359
304426
304443
304502
304513
304578
304590
304603
304625
304633
304718
304747
304780
304928
304971
305012
305322
305335
305363
305491
305505
305573
305892
306022
306287
306349
306360
306372
306449
306474
306490
306613
306738
306811
306822
307168
307215
307266
307277
307355
307477
307522
307531
307544
307856
308001
308023
308364
308482
308502
308531
308730
308913
308957
308973
309000
309029
309049
309112
309277
309356
309372
309388
309399
309428
309508
309516
309554
309629
309639
309894
309917
309950
309959
309970
309972
310095
310107
310119
310148
310158
310167
310211
310288
310373
310510
310521
310572
310595
310664
310913
310971
311022
311103
311264
311376
311420
311430
311439
311461
311499
311684
311695
311764
311797
311909
311930
311949
311986
312276
312288
312415
312470
312494
312521
312543
312600
312618
312631
312665
313151
313454
313501
313583
313642
313780
313802
313844
313961
314099
314138
314200
314210
314285
314364
314628
314754
314764
314964
315053
315184
315384
315392
315411
315418
315457
315478
315549
315777
315799
315863
316104
316130
316212
316394
316403
316546
316584
316593
316627
316703
316719
316839
316886
316894
317027
317069
317098
317114
317332
317352
317412
317428
317544
317609
317619
317688
317723
317726
317749
317768
317888
318057
318107
318294
318364
318383
318535
318581
318591
318835
318843
318868
318879
318887
318893
319000
319034
319051
319215
319239
319353
319354
319470
319522
319661
319667
320116
320170
320371
320410
320428
320456
320600
320698
320927
320946
320967
320999
321037
321197
321237
321248
321326
321347
321592
321676
321698
321819
321835
322030
322197
322250
322302
322322
322335
322438
322462
322487
322679
322696
322818
322864
322918
322932
323151
323223
323365
323428
323524
323601
323757
323847
323950
323992
324178
324186
324199
324210
324311
324319
324518
324539
324696
324780
324807
324817
324832
324901
324981
325024
325156
325174
325316
325367
325380
325485
325560
325607
325639
325698
325874
325882
325901
326068
326110
326316
326524
326762
326806
326830
326949
327058
327110
327150
327366
327402
327463
327535
327572
327648
328002
328095
328171
328521
328546
328560
328707
328805
328850
328928
328973
329025
329035
329354
329551
329623
329624
329634
329761
329837
329893
330259
330293
330328
330509
330821
330855
330893
330973
330981
331156
331185
331353
331370
331456
331532
331645
331669
331682
331822
331900
332025
332042
332081
332421
332437
332474
332475
332523
332563
332700
332754
332923
332939
333138
333321
333442
333464
333512
333586
333682
333694
333715
333752
333753
333840
333865
333890
333900
333948
334018
334108
334117
334126
334173
334248
334528
334619
334651
334673
334696
334825
334856
334979
335004
335019
335106
335198
335278
335423
335479
335538
335557
335639
335719
335752
335843
336131
336143
336293
336298
336443
336489
336637
336729
336785
336807
337054
337266
337307
337308
337412
337503
337523
337597
337784
337802
337961
337968
337983
338132
338180
338201
338376
338435
338474
338696
338870
338879
338974
338993
339027
339096
339280
339362
339402
339480
339486
339509
339616
339654
339701
339763
339770
339825
339888
339929
340032
340141
340158
340233
340268
340829
341059
341060
341139
341315
341351
341602
341607
341623
341633
341731
341732
341833
341905
342058
342085
342216
342374
342746
342787
342792
343104
343272
343376
343419
343473
343581
343728
343797
343817
343881
343903
343953
343968
343993
344026
344038
344055
344143
344169
344303
344338
344377
344412
344462
344751
344765
344856
344947
345043
345071
345134
345304
345434
345464
345772
345788
345893
345926
346028
346075
346076
346080
346119
346159
346206
346276
346381
346409
346505
346574
346771
346979
347194
347300
347314
347338
347417
347473
347605
347669
347680
347911
348206
348301
348386
348406
348483
348484
348568
348701
348797
348802
348903
349174
349276
349280
349338
349361
349440
349560
349636
349776
349933
349990
350032
350369
350385
350485
350504
350554
350651
350753
350827
351477
351776
351865
351896
352004
352013
352027
352105
352119
352133
352157
352218
352285
352321
352474
352539
352802
352817
352961
352996
353037
353208
353216
353431
353520
353535
353616
353649
353715
353764
353903
354015
354040
354188
354200
354274
354323
354379
354443
354489
354656
354666
354680
354735
354834
354908
354909
354927
354979
355009
355043
355125
355173
355203
355256
355297
355380
355432
355538
355586
355691
355709
355743
355838
355889
355901
355955
355975
355988
356392
356437
356463
356476
356494
356533
356636
356674
356684
356846
356897
357010
357023
357081
357102
357234
357248
357353
357374
357422
357429
357471
357529
357858
357899
357986
358003
358047
358063
358141
358213
358291
358392
358398
358412
358470
358726
358837
358931
359060
359103
359142
359190
359225
359390
359733
359745
359815
359872
359884
359947
360084
360252
360416
360582
360674
360758
360761
360898
360924
360960
360995
361094
361151
361173
361255
361296
361313
361314
361328
361329
361357
361518
361534
361581
361610
361641
361798
361831
361921
361956
362004
362015
362096
362103
362223
362330
362441
362476
362494
362598
362741
362837
362930
362992
363066
363118
363215
363236
363327
363331
363435
363681
363833
364117
364130
364178
364264
364296
364376
364523
364663
364688
364714
364911
364922
364928
365009
365166
365177
365368
365480
365631
365777
365833
365890
365959
365968
366010
366016
366047
366270
366300
366317
366412
366490
366556
366602
366678
366784
366815
366950
366983
367018
367084
367131
367176
367222
367251
367346
367439
367498
367510
367561
367562
367769
367783
367802
367835
368066
368104
368245
368293
368410
368460
368467
368520
368662
368834
368842
368898
368982
369004
369072
369083
369244
369427
369586
369594
369635
369680
369718
369814
369824
369853
369866
369927
369990
369995
370152
370169
370382
370436
370554
370688
370724
370743
370771
370847
370902
370948
370976
371085
371111
371155
371220
371309
371334
371345
371369
371389
371642
371661
371671
371682
371854
371896
371923
372008
372087
372196
372372
372414
372477
372543
372559
372566
372577
372585
372595
372832
372932
373051
373213
373223
373327
373339
373457
373491
373492
373548
373741
373767
373803
373860
373874
373880
374014
374048
374050
374307
374411
374435
374476
374508
374568
374569
374647
374722
374764
374783
374807
375056
375089
375196
375406
375447
375503
375520
375550
375569
375680
375689
375722
375756
375864
375874
375881
375911
376182
376208
376561
376627
376640
376662
376763
376857
377003
377173
377174
377197
377253
377311
377411
377419
377779
377953
378019
378061
378134
378205
378339
378461
378830
378994
379004
379173
379239
379279
379323
379377
379713
379734
379836
379889
379927
380189
380193
380209
380398
380559
380630
380759
380816
380886
380996
381006
381017
381108
381146
381188
381201
381215
381267
381442
381482
381511
381538
381659
381795
381819
381848
381850
381961
381996
382020
382039
382053
382078
382188
382224
382371
382681
382737
382891
382901
383003
383101
383133
383170
383191
383207
383222
383232
383243
383368
383482
383497
383546
383634
383635
383667
383712
383779
383994
384042
384109
384122
384171
384219
384261
384298
384409
384479
384660
384718
384794
384811
384860
384936
385009
385049
385059
385102
385109
385230
385302
385350
385589
385613
385627
385796
385825
385982
386128
386164
386427
386459
386467
386593
386616
386657
386672
386872
386908
387066
387087
387210
387294
387372
387433
387454
387487
387531
387569
387623
387630
387657
387799
387833
387852
387881
387908
387937
388037
388065
388235
388265
388305
388314
388416
388436
388460
388478
388495
388831
388995
389047
389133
389185
389360
389389
389408
389441
389636
389766
389779
390414
390445
390718
390743
390815
390831
390883
390940
390947
391039
391045
391241
391282
391296
391336
391342
391395
391411
391460
391508
391547
391560
391572
391621
391759
391857
391964
391978
392208
392251
392284
392374
392391
392497
392502
392525
392569
392599
392851
392981
392987
393064
393083
393107
393178
393222
393271
393272
393286
393299
393331
393385
393723
393724
393782
393797
393817
393911
393924
394063
394078
394102
394188
394262
394298
394354
394401
394425
394460
394605
394640
394655
394701
394743
394819
394843
395163
395204
395411
395441
395457
395530
395581
395698
395763
395794
395882
395893
395917
396074
396093
396100
396192
396293
396326
396333
396368
396501
396579
396728
396739
396845
397095
397179
397205
397260
397333
397338
397444
397617
397789
397965
398025
398134
398264
398429
398465
398476
398701
398717
398800
398811
398897
398921
398948
398960
399002
399022
399041
399067
399124
399209
399254
399332
399359
399398
399489
399498
399574
399709
399740
399750
399782
399873
399890
399948
399970
399986
400006
400027
400205
400378
400405
400418
400424
400670
400682
400825
400912
400968
401021
401075
401119
401144
401168
401215
401224
401239
401245
401254
401261
401272
401305
401335
401352
401371
401482
401615
401717
401741
401757
401768
401792
401798
401901
401990
402221
402348
402612
402625
402722
402748
402776
402789
402894
402967
403066
403081
403109
403168
403233
403254
403321
403336
403387
403540
403685
403704
403718
403770
403835
403874
403917
404019
404031
404075
404253
404372
404384
404519
404543
404586
404639
404716
404754
404777
404806
404820
404838
404904
404997
405028
405029
405059
405225
405335
405366
405432
405477
405533
405629
405669
405694
405718
405771
405784
405872
405891
405933
405992
405999
406030
406164
406186
406228
406273
406356
406357
406664
406677
406682
406802
406823
406830
406836
406871
406922
406976
407009
407088
407136
407152
407154
407178
407184
407270
407290
407366
407479
407518
407524
407579
407616
407717
407803
407811
407825
407860
407917
407973
408142
408150
408267
408305
408314
408365
408437
408455
408565
408571
408572
408699
408753
408768
408780
408792
408924
409137
409153
409166
409228
409245
409465
409478
409537
409599
409643
409713
