5626
8488
17226
17228
18166
18167
20059
20060
29848
35049
35050
35760
35761
35762
40246
40990
45083
45090
51988
53427
53431
54021
63242
63927
63928
65600
65601
75146
77267
81892
81894
82862
87480
87481
87483
92964
94417
94421
96648
96692
106384
110336
111208
111209
126094
127494
127498
128763
128764
133171
134763
134769
138319
138321
138329
138331
138371
138373
138406
138488
148321
150719
150721
150729
150731
156536
156554
158292
158293
161412
182018
187155
190561
192242
193269
193273
194170
194171
194173
211279
211423
211425
212173
212437
219483
219485
220034
221097
229821
233758
238614
238616
238618
246852
247078
264598
265737
265738
265740
269883
269885
270599
270601
273723
277398
279701
279702
279704
281453
281454
281455
281456
281457
287412
287536
287540
288372
290171
290172
291023
292413
305264
307595
307606
307642
307652
307667
310251
310254
310884
310886
310888
311554
312456
312457
313420
318902
319247
320521
320524
320796
322085
322086
322087
322095
322098
322099
322498
323132
323323
323324
323326
324865
325738
325740
329980
329981
331959
331960
331962
331985
331987
332382
333784
334797
336054
336056
336057
338414
339126
339127
339142
342082
350874
351269
351768
352799
357647
357648
358135
362168
362170
362621
363551
363553
363554
363555
365290
366065
366067
366873
366923
366924
367208
367646
368527
369168
369170
373181
373702
373704
375209
375215
377646
378031
378032
380413
380415
382620
385082
386215
386217
386699
386701
387227
395494
395496
395689
395690
395692
395742
397811
399588
399591
399593
399952
399953
400183
401666
402490
403031
405509
405511
407457
407459
407709
409503
